361 2
902 1
734 2
2904 1
748 1
2953 2
170 2
2593 1
1239 1
2135 1
694 2
1903 1
813 1
1221 1
812 2
180 2
1665 1
881 2
2972 1
1008 2
2966 1
1359 1
1240 1
2064 2
181 2
2824 2
2624 2
2973 1
2822 2
2840 1
827 2
2355 2
733 2
2857 2
2828 2
846 1
923 2
2568 2
1608 1
117 2
1952 1
3054 2
1874 2
2866 1
3101 1
2604 2
2960 2
2170 1
2821 2
1200 2
56 2
2981 2
1726 1
1849 2
3142 2
2213 1
1155 1
2423 1
1644 1
2056 1
3159 1
115 2
2603 2
932 1
141 2
2448 2
2425 2
726 1
1658 2
2421 2
2982 2
1716 1
1437 1
1403 1
3097 2
2715 1
116 2
1059 2
1696 2
3217 2
3075 2
1650 2
3076 2
2133 1
1759 1
1880 2
547 2
1829 2
238 2
196 2
1146 1
1236 1
3136 1
2161 1
1048 1
2341 1
3168 1
2813 2
664 2
2957 2
1237 1
367 2
1915 1
1238 1
2647 2
1026 1
497 2
419 2
2572 1
1401 2
1863 1
1927 1
2409 2
265 2
1655 1
1926 1
1455 1
1588 2
3115 2
1556 1
1557 2
3245 1
2823 2
1036 1
2759 1
1521 2
3175 1
1819 2
788 2
1128 2
621 1
2371 1
2372 1
979 1
978 2
1594 1
1864 1
1224 2
2950 1
2294 2
888 1
2577 2
866 2
2790 1
31 1
502 2
2454 2
2963 1
2962 1
1070 1
1018 1
1080 1
685 2
1496 1
414 2
3216 2
227 2
2993 2
1355 1
2707 1
594 2
2829 2
977 1
1432 1
2066 1
2914 1
2668 1
976 2
877 2
484 2
3000 2
485 2
1404 1
3139 1
1348 1
410 2
2236 1
823 2
1308 1
449 1
1909 1
2458 1
36 2
1541 2
1621 1
2065 1
2518 2
3082 1
1379 1
2708 1
710 2
1623 1
3155 1
1622 1
2872 1
1302 2
610 1
415 2
1133 2
2731 2
1771 2
1372 1
1209 2
1918 1
3084 2
94 2
3269 2
2925 2
2850 2
2849 2
3241 2
2994 1
2114 1
2018 1
1450 1
2017 1
253 2
899 2
256 2
1568 1
1362 1
1527 2
567 2
1546 1
1511 1
3221 1
1493 1
334 1
2626 1
857 1
1732 2
188 2
2784 1
2162 1
752 1
1596 1
2322 2
219 2
2021 1
1727 2
1553 2
2523 1
2634 2
2948 1
184 2
3246 1
376 2
2870 2
1180 2
2627 1
1542 2
1025 1
970 1
910 2
2250 2
1179 2
268 2
1938 2
1835 2
2260 1
441 1
743 1
2140 1
2889 2
2139 1
2729 1
2890 2
2891 2
1839 2
2892 2
183 2
551 1
715 2
2099 1
1504 1
2733 1
2477 1
699 1
2208 1
3070 1
2893 2
2895 2
3161 1
957 1
2567 1
2894 2
2833 1
2225 1
2224 1
1223 2
93 2
2552 2
276 2
720 2
2955 2
311 2
2286 2
2954 1
365 2
2896 2
1448 1
1449 1
1764 1
1605 1
1116 1
670 2
3119 1
2188 1
1454 2
716 2
471 2
1176 1
2859 1
635 2
829 2
1115 2
2643 2
1192 2
1292 1
1241 1
1242 2
2632 2
454 2
2433 1
2860 2
2459 2
241 2
1294 2
2588 1
1293 2
566 2
50 2
2152 2
2602 2
662 2
224 2
3274 2
3273 2
2915 2
505 2
250 2
2272 1
1190 2
2599 1
169 2
722 2
2151 2
1044 1
2380 2
3238 1
2177 1
2858 1
2178 1
1701 2
2613 1
3088 2
1570 1
287 2
1191 1
2998 1
2418 1
545 2
3021 1
896 2
2873 1
2291 2
1328 2
2284 2
2254 1
2875 1
277 1
2971 1
2228 2
831 2
1671 2
2512 1
850 2
2579 2
2438 1
134 2
1851 2
847 1
1000 2
1706 1
2462 2
1375 1
504 2
1465 2
2650 2
1378 1
112 1
429 2
2346 2
667 2
3225 2
3011 2
3012 2
3227 2
3226 2
2449 2
3228 2
3229 2
1087 1
2306 1
305 2
44 1
1962 1
1966 1
2811 1
2970 2
1318 1
3230 2
3116 1
1629 1
2801 2
1319 1
1902 1
456 2
2179 1
863 2
753 2
3087 1
1114 2
2734 2
836 1
2975 1
1805 1
2356 2
583 2
390 2
2573 2
1917 1
2658 2
755 2
89 2
2726 2
392 2
387 2
391 2
1911 2
543 2
1117 2
2221 1
721 2
3110 1
942 2
884 2
389 2
1361 1
2415 2
1068 1
70 2
2570 1
2350 2
2301 1
2105 2
2414 2
793 1
3196 2
632 2
2405 1
1817 1
1818 1
1668 2
713 1
1507 2
656 2
2067 1
2898 2
1765 2
2897 2
2700 1
1709 1
802 1
2494 2
2974 2
3124 1
2258 1
2452 2
1847 1
2278 1
1685 2
2701 1
834 1
2186 2
1816 1
1227 1
48 2
2878 1
49 2
661 2
1815 2
1034 2
2927 2
1753 2
345 2
1828 1
1846 1
1134 2
407 2
1934 2
3232 2
2499 1
1782 2
428 2
355 2
724 1
3262 1
356 2
1321 1
1699 1
3089 1
2205 1
2755 1
2496 1
3016 1
1105 1
364 2
3257 2
1145 1
2300 1
2847 2
1471 2
2944 2
1142 1
1848 1
1876 2
1660 2
645 2
3051 2
2476 1
2227 2
1073 1
3050 1
3045 1
513 2
739 1
1457 2
1661 2
2295 1
442 2
2815 2
698 1
1595 2
1500 2
1827 2
3137 1
883 1
2485 2
3212 2
302 2
1502 2
623 1
1737 1
1548 2
1501 2
1062 1
1251 2
876 2
1723 1
839 2
1748 2
2172 2
2838 1
1747 2
647 2
1510 2
1722 1
194 2
1721 2
2625 2
1898 2
1561 2
956 2
631 2
2740 2
838 2
538 2
1461 1
1802 1
1194 1
2745 1
1165 2
85 1
944 2
368 2
1905 1
1972 1
2128 2
2723 2
2832 1
1497 1
2854 1
1964 2
2698 1
1415 1
654 1
153 2
1663 2
2527 2
2831 2
2406 1
2830 2
784 1
2791 1
1970 2
1367 1
771 2
1971 1
1288 1
225 2
1558 2
493 2
1298 2
2716 1
1586 2
3055 2
1968 2
3056 2
856 1
1061 1
1969 1
3205 1
3003 1
1646 1
2805 1
369 2
1897 1
744 2
1526 2
638 2
425 1
423 2
424 2
2559 1
572 2
624 1
1664 2
1109 2
506 1
1967 1
370 2
2032 1
952 2
2607 1
400 2
1231 1
922 2
1252 2
2293 1
972 2
619 1
1287 1
736 2
27 2
26 2
814 2
25 2
1365 1
1744 2
3201 2
1196 2
201 2
597 2
598 2
3121 2
2347 2
3032 1
841 1
965 2
903 1
263 2
2621 1
3234 2
2389 2
2122 2
2719 2
252 2
1163 2
84 1
1472 1
858 1
1616 2
2995 1
2180 1
1256 1
1788 2
2888 2
1812 1
770 2
2216 1
3187 1
1217 1
1043 1
2388 2
2505 1
3251 2
1514 2
1745 1
1276 1
548 2
1688 1
52 2
2358 1
1107 1
2357 2
2540 1
3046 2
1218 2
366 2
1041 1
2377 1
777 1
2076 1
1022 1
1420 1
1259 1
34 1
789 2
900 2
498 2
3243 1
1672 2
1813 2
2926 2
3194 2
615 1
1317 2
1654 1
577 2
1684 2
984 2
552 1
1011 2
2976 2
3271 2
1935 1
2956 2
2798 2
3160 1
1258 2
1936 1
2002 1
2343 1
871 2
2714 1
1083 1
379 2
1027 1
820 2
1822 2
337 1
1494 1
2754 1
3113 1
2223 1
2841 1
426 1
520 2
1182 2
1567 2
2842 1
2408 1
1715 1
1892 1
573 2
1452 1
1603 1
2932 1
2843 1
308 2
2844 1
1476 2
795 1
627 2
1364 2
486 2
1862 2
2364 1
388 2
2129 2
1123 1
2264 1
2336 2
2780 1
2983 2
673 2
1973 1
2365 1
2166 1
189 2
616 1
1425 1
1225 2
3224 2
2648 1
810 1
719 2
1624 1
634 2
3267 1
983 2
1620 1
401 2
717 2
934 1
1842 2
2456 1
409 2
2303 2
1213 1
307 2
1033 1
643 2
1296 1
1707 1
1941 2
2720 2
1750 1
2645 2
909 1
3096 1
1710 1
1607 1
3111 1
933 2
1891 1
1102 1
2592 1
257 2
875 2
1113 2
2078 2
1488 2
1489 2
1486 2
1487 2
71 1
160 2
1490 2
987 1
1484 2
1485 2
1112 2
2420 1
2882 2
1531 1
803 2
2917 1
1505 1
998 1
3117 1
747 2
1738 1
113 2
2097 1
62 2
2565 1
2191 1
1518 1
119 2
1606 2
938 2
2775 1
2384 1
840 2
1537 2
1394 1
3206 1
463 2
3265 1
2200 2
434 2
1889 2
2712 1
3102 1
2332 2
1181 2
1695 2
3244 1
1054 2
1464 1
531 2
1785 2
3061 1
2934 2
1289 1
1380 2
908 1
617 1
2646 2
1442 2
2657 1
2104 1
1376 1
745 1
54 2
1598 2
1028 2
1326 1
709 2
1592 1
3063 1
325 2
2958 1
2329 1
135 2
1368 1
3145 1
868 1
773 1
2564 2
757 2
2751 2
775 2
690 2
1981 1
1980 1
2574 1
1460 1
1979 2
67 2
2886 2
2664 2
1857 2
3192 1
1978 2
3072 1
1255 2
1974 1
209 2
210 2
937 1
3174 1
2660 2
772 1
107 1
1896 2
2106 1
291 2
2387 1
1082 2
2263 2
2283 2
1977 1
343 2
1277 1
691 1
3112 1
211 2
2110 1
240 2
1976 2
1366 1
470 2
2887 2
2951 2
1480 1
63 2
1013 1
1942 2
166 2
1060 2
2035 2
212 2
600 2
1984 1
3247 1
1983 1
477 2
951 2
636 2
2025 1
165 2
2455 2
1254 2
1253 2
2855 2
1982 1
2318 1
1093 2
1499 1
164 2
2317 2
1050 1
3144 2
163 2
870 1
2835 2
907 2
1602 1
2947 2
1436 1
1837 2
701 2
1768 1
2094 1
585 2
845 1
248 2
214 2
2605 2
213 2
215 2
95 2
1466 1
328 2
2315 2
2575 2
1783 2
3095 2
3060 1
1443 2
1220 2
1991 1
1675 1
2274 2
2587 1
2460 1
1674 2
2493 1
1838 1
1820 1
2316 1
377 2
889 1
1752 2
2538 1
3236 2
3237 2
1940 1
2851 1
3093 2
602 1
494 2
648 1
186 2
1853 2
860 1
326 2
787 2
1746 2
2330 2
1730 2
2400 2
360 2
731 2
2259 1
393 2
1524 2
403 2
3071 1
1409 2
1694 1
329 2
1693 1
2867 1
1985 1
2868 1
1910 2
1304 2
1878 2
1492 1
1388 1
1628 2
628 2
2404 1
953 2
1039 1
1339 2
1338 2
1340 2
1233 1
769 1
1045 1
2883 1
3010 2
3152 2
1479 2
3009 2
1078 1
2834 1
2918 1
1861 2
792 2
1758 1
646 1
2709 2
2369 1
1312 1
2473 1
1807 2
2155 2
2103 1
2744 2
3019 2
1334 1
2176 2
1619 1
2276 2
2980 1
1333 1
2215 1
1332 1
526 2
1171 2
2292 1
2672 2
2810 2
75 2
3219 1
1519 1
239 2
626 2
1330 1
2620 1
264 2
80 1
1331 1
1329 1
1554 1
3130 1
1924 1
859 1
1235 1
1806 1
1762 2
2222 1
2489 1
1525 1
2638 1
3169 1
3202 1
2194 2
327 2
2193 2
3183 2
1700 1
1513 1
601 1
2753 1
3170 1
1740 1
1266 2
320 2
1474 1
404 2
185 2
521 2
1336 1
1565 2
2863 2
1335 1
2526 2
712 2
3104 2
507 1
274 2
77 2
76 1
3240 1
220 2
1201 2
822 1
1357 2
898 1
3182 2
318 2
2395 2
172 2
2214 1
222 2
221 2
2136 1
2339 2
1928 1
2352 2
2702 1
1522 2
405 2
1913 2
350 2
1523 2
3040 1
2880 2
1886 1
2703 1
2749 2
2881 2
2774 1
2852 1
66 2
171 2
1515 1
2240 1
2467 1
402 2
1797 2
1930 1
223 2
837 2
1469 2
420 2
2199 2
2537 1
323 2
2631 1
2997 1
533 2
1506 2
973 1
2116 1
2581 2
200 2
251 2
2959 1
2528 2
2563 2
1167 1
1168 1
1161 1
1781 2
1065 1
1932 1
1313 1
120 2
461 2
711 2
207 2
727 1
1283 1
1382 1
1162 1
2622 1
125 2
2920 1
266 2
1143 2
272 1
579 2
913 1
175 2
1023 1
2426 1
2555 2
569 2
2497 2
606 2
2597 1
100 2
790 2
2004 2
2113 2
1058 1
1975 2
791 2
735 2
1049 1
948 1
1772 2
2465 2
2845 1
2785 1
1922 1
3085 1
935 2
559 2
2921 1
111 2
714 1
1030 1
732 1
3204 2
235 2
13 2
1662 2
783 1
605 2
2029 1
2525 2
1763 1
2964 1
2034 1
516 1
2545 1
2765 1
1711 1
2112 2
2273 2
3140 2
1320 2
611 1
237 2
1615 2
1733 1
1345 1
1384 1
236 2
2187 1
1871 2
2248 1
2407 2
1007 2
3172 1
1385 2
247 2
2553 2
147 2
2616 1
2695 1
2696 1
2238 2
885 2
1303 2
375 2
570 2
3186 2
2185 1
1173 1
1172 1
202 2
3001 1
2531 1
2762 1
363 2
3218 1
1395 2
1535 2
2807 1
1865 1
911 2
2419 2
2127 2
2257 1
1566 2
1118 1
1614 2
835 2
725 1
315 2
270 2
352 2
271 2
2699 1
2839 2
3193 1
371 2
779 1
544 2
2120 1
114 1
2673 2
2649 1
2595 1
1609 1
2697 1
269 2
1867 1
450 1
2853 2
2410 2
2846 2
1381 2
704 2
705 2
2666 2
1398 1
1053 1
3231 2
1919 1
2231 1
929 2
491 2
550 1
373 2
374 2
294 2
1377 2
2016 1
148 2
589 2
206 2
2027 2
2428 1
936 1
3180 1
1729 2
1801 1
462 2
73 2
2279 1
2492 2
397 2
474 2
3024 2
618 1
3023 2
475 2
2747 1
1097 1
2232 2
2003 2
2741 1
1127 1
384 2
2796 2
79 1
3128 1
539 2
3044 1
3026 2
3027 2
3028 2
3029 2
1462 2
72 2
2899 2
2102 2
3025 2
2052 1
930 1
2797 2
2511 1
2761 1
1703 1
920 2
2614 1
590 2
2642 1
2 2
1705 1
1 2
289 2
1130 2
229 2
3133 2
218 2
3022 2
231 2
230 2
1925 1
2192 1
445 1
794 2
774 1
2050 2
362 2
2800 2
2285 2
852 1
413 2
435 2
2548 2
1261 2
1834 2
2979 2
1260 2
208 2
1728 2
510 1
383 2
382 2
3248 2
2159 2
344 1
762 2
1164 2
1667 2
2156 1
332 1
1149 1
1549 2
2480 2
301 2
703 2
2363 2
3154 1
851 1
2799 1
3031 2
381 2
46 1
3030 2
1383 2
74 2
3179 1
1890 1
1630 2
1371 2
912 2
1534 2
1789 1
969 1
436 2
3080 2
3081 2
3079 2
887 1
1778 2
98 2
3078 1
109 1
1840 2
3006 1
2091 2
800 2
2416 2
880 1
1869 1
357 2
57 2
2111 1
2924 1
487 2
1921 1
385 2
2237 1
2911 2
3261 1
3197 2
2393 2
2610 1
3198 2
1156 1
862 1
1280 1
2598 2
798 1
613 1
2910 2
1387 1
1268 1
1269 2
1784 1
3189 1
1270 2
30 2
1714 1
2277 2
2413 2
2424 1
2266 1
233 2
1263 1
192 2
45 1
29 2
1855 2
469 2
2764 1
2321 1
3158 2
2319 2
2320 1
826 1
1285 2
906 1
687 2
833 2
3107 1
1295 1
1243 1
2138 2
660 2
1907 2
1188 2
47 2
1249 1
3073 1
2010 1
659 2
2909 2
2024 2
2267 1
2945 2
808 2
118 2
1094 2
1052 1
524 2
2940 1
193 2
848 2
658 2
604 1
1106 1
657 2
1993 1
2809 1
1131 2
2612 1
51 2
629 2
2752 2
630 2
2220 2
1170 1
2374 2
1216 1
1611 1
2022 1
511 2
1551 1
1475 1
1552 1
1844 2
2758 1
2803 1
480 2
479 2
2023 1
478 2
1560 2
765 1
483 2
1803 1
482 2
481 2
1559 1
2718 2
2131 2
1883 1
41 2
2566 2
2201 2
943 2
1800 1
1498 1
1859 2
1632 1
578 2
2123 1
249 2
2482 1
1463 2
2098 2
1569 1
3069 1
3275 2
2542 1
1435 2
844 2
1689 2
492 2
1633 1
1634 1
1198 1
1836 2
1613 2
2502 2
1275 1
2307 2
176 2
187 2
1702 1
11 2
1389 2
2132 2
1719 2
1169 1
285 1
1649 2
1642 1
1643 1
443 2
1640 1
2929 1
444 1
1641 1
2109 2
2730 2
2134 1
2331 1
1017 1
2391 2
2680 1
2679 1
2743 1
1386 1
1637 1
1638 1
2667 1
1424 1
1639 1
804 1
1635 1
1636 1
3126 1
1135 1
3181 1
1755 1
2742 1
3239 1
854 2
1528 1
338 1
2641 2
947 2
905 1
86 2
1833 1
2965 2
1698 2
330 2
1593 1
2042 2
2670 1
1229 2
1989 1
1651 2
3143 1
488 2
1250 2
1016 2
2083 2
58 2
1544 2
2694 1
2969 2
760 2
853 1
123 2
422 2
2311 2
2987 2
331 2
2590 1
1545 2
1035 1
457 2
742 1
2977 2
554 2
1841 2
512 2
2561 2
283 2
781 1
122 2
2402 1
2504 2
1006 1
3074 1
2014 2
1352 1
2184 1
825 2
2836 1
399 2
1470 2
2058 2
2532 1
1879 2
1503 2
2986 2
886 2
741 2
1187 1
1793 2
2630 1
1015 1
3209 2
3208 2
1627 2
3210 2
3034 1
3242 1
2305 1
2333 2
989 2
37 2
591 2
2101 2
2490 1
2011 1
2190 1
1291 2
279 2
3007 2
242 2
2439 2
2121 2
1144 1
2100 2
2533 2
258 2
2536 2
1610 1
2486 1
2571 2
3203 1
1265 1
243 2
1024 1
244 2
2562 1
2879 1
246 2
245 2
335 1
1417 1
1868 1
3190 2
1138 1
3120 2
945 2
195 2
3129 1
2727 1
2541 1
1010 1
2941 2
3222 1
891 2
1406 1
417 2
2663 1
2949 1
1550 2
2678 1
955 2
2309 1
262 2
2417 1
2323 2
3141 2
1427 1
433 1
1916 1
2806 2
15 2
2324 2
2234 1
3083 2
2308 2
2640 2
2989 2
641 2
432 2
2468 2
1997 2
199 2
1906 2
288 2
2629 1
1787 2
1353 1
2160 1
3213 2
3214 2
1882 1
2543 1
59 2
3086 2
763 2
2547 1
2252 2
2808 1
614 1
2988 2
754 2
416 2
1866 1
322 2
313 2
312 2
1656 2
2756 1
3052 2
2310 1
2373 2
1508 1
197 2
1776 2
2812 1
1775 2
198 2
1121 2
314 2
1410 2
103 2
102 2
1612 1
776 1
1904 2
2732 1
2819 1
959 2
104 2
1756 1
2781 2
1214 2
1103 1
1587 2
203 2
3047 1
319 2
260 2
2816 1
2086 1
1739 1
986 1
2478 1
2550 2
534 2
1881 1
1794 1
2483 2
2814 1
2451 2
347 2
525 2
1157 1
2484 2
2529 2
2818 2
1647 2
1923 2
1439 2
666 2
2861 1
2130 2
582 2
2288 2
988 1
555 1
1327 1
2474 1
1790 2
2183 1
2900 2
2289 2
2544 1
1965 2
1704 1
1937 1
2936 1
1589 1
1088 1
914 2
1659 2
2884 1
1422 1
495 2
746 2
1423 1
358 2
40 2
39 2
346 2
99 2
1226 1
3090 2
88 2
1690 1
2968 2
427 1
2725 2
3162 1
2287 2
1666 2
1670 2
811 2
818 2
2444 1
2195 2
2269 2
3148 1
1955 1
1956 2
2019 2
874 1
3058 1
540 2
1400 1
2124 1
1959 2
1957 2
1958 2
3256 2
286 1
1099 1
2340 1
3215 2
2721 2
904 1
556 2
3123 1
1885 1
1599 1
2089 2
2077 1
2090 2
3041 2
2902 2
430 2
35 2
2271 1
2280 2
2000 2
2327 2
1322 1
453 2
1999 2
830 2
2059 2
1491 1
3042 1
386 2
1031 1
3259 2
2282 2
2783 1
2281 2
282 1
2763 2
963 2
1347 1
2338 2
1875 2
2383 1
695 2
1222 1
2685 1
964 2
2792 1
2118 1
1132 2
2219 1
879 1
333 2
1953 2
97 2
2463 1
2856 2
476 2
2636 1
2637 1
3057 2
1543 2
2659 1
2218 1
140 2
1860 1
3258 1
3014 2
1344 2
517 2
2682 1
1770 1
1009 1
2401 1
459 2
2081 1
2217 1
2298 2
1147 2
1960 2
1517 2
1792 2
1063 1
2085 1
2589 1
1042 1
580 2
1718 1
2037 1
680 2
2038 1
2039 2
2051 2
1257 2
255 2
2043 1
2040 1
563 1
681 2
267 2
2376 1
2206 1
3178 2
1284 1
1431 2
1402 1
1314 1
683 2
2169 1
684 2
682 2
2554 2
1393 1
2635 1
1197 2
1136 2
2429 1
2045 1
2044 1
2469 1
2046 1
1769 1
1046 1
1189 2
2053 2
1356 2
2041 2
1206 2
1405 2
1205 2
1012 2
1563 2
758 2
336 1
873 2
411 2
2047 1
3157 2
761 2
1877 2
2048 1
1720 1
1210 2
674 2
1687 1
2706 1
568 2
2472 1
3008 1
2154 1
1029 1
78 1
2874 1
954 2
2054 2
1579 1
1002 1
1580 1
309 2
1211 2
2481 1
3092 1
2651 2
1262 2
64 1
1098 1
121 2
764 2
2366 1
3173 2
997 2
651 2
1003 1
2270 2
2247 1
473 2
2705 1
996 2
1004 1
2922 1
1139 2
2984 2
1590 2
740 1
678 2
584 2
677 2
676 2
675 2
1873 2
966 2
2157 2
672 2
1767 2
3165 1
2093 1
2398 1
1325 1
82 2
2985 2
43 1
679 2
541 2
2737 1
254 2
2674 2
18 2
2583 2
1323 2
19 2
1477 1
2012 1
2961 1
1066 2
490 2
372 2
1810 1
2500 2
2738 1
3195 2
1122 1
2619 1
460 2
2397 2
20 2
21 2
22 2
23 2
24 2
234 2
179 2
178 2
177 2
669 2
2430 1
1708 1
3135 1
61 2
2739 2
801 1
2690 1
500 2
2290 1
2394 2
1852 1
663 2
1315 1
599 2
1267 2
17 2
3099 1
990 1
1766 2
3053 1
2342 1
126 2
2005 1
2006 1
2539 2
2609 2
2175 1
1682 2
2117 1
1681 2
228 2
1481 2
439 1
2007 1
2996 1
1151 1
816 2
925 2
2930 2
3147 1
1440 2
950 2
528 2
1680 2
2939 2
156 2
1111 2
1754 1
1307 1
28 2
1908 2
1390 1
946 1
3039 2
3038 2
3037 2
273 2
1079 1
916 2
3151 2
1363 1
649 1
1677 2
1679 2
1678 2
2517 2
1178 2
571 2
226 2
1676 2
298 2
2436 1
993 1
3108 1
994 2
2885 2
191 2
968 1
2009 1
872 2
3176 2
927 1
995 2
1780 1
2546 2
1444 1
3211 1
2362 2
1055 1
3150 1
882 1
2253 2
2654 1
2653 1
508 1
2354 2
992 1
1478 1
2766 2
640 1
1343 2
3020 2
1963 1
3149 1
2233 2
1341 2
1342 2
581 2
1591 1
1995 1
33 1
919 2
2466 2
991 2
259 2
1600 1
1850 2
2197 2
1669 1
1683 1
341 1
574 2
575 2
894 2
1077 1
522 2
2396 2
1798 2
2399 1
1001 1
2510 1
603 1
3260 1
518 2
2662 1
2776 1
3118 1
1195 1
2126 2
809 1
1047 2
2432 1
2876 2
2711 1
3036 1
2768 1
2769 1
2767 1
1369 1
3106 1
1057 1
1032 1
2793 1
1416 2
3125 2
1038 2
2107 2
2203 2
1119 1
751 2
2108 1
897 1
2817 2
2522 1
91 2
962 2
3109 1
3185 1
828 2
296 2
96 2
2337 2
2141 1
1120 2
321 2
2524 2
1396 2
281 2
2314 2
939 1
3270 2
2453 2
861 1
90 1
2639 2
310 2
1067 1
2770 1
723 1
2008 2
16 2
129 2
489 2
127 2
1777 2
2869 1
128 2
737 1
130 2
1152 1
1085 1
101 2
537 2
292 2
785 1
348 2
418 2
2865 2
2196 1
2933 1
299 2
447 2
849 2
306 2
455 2
1037 2
2580 1
2825 2
2826 2
689 2
974 1
1757 1
2144 1
217 2
2210 2
3272 2
2434 1
2211 2
1110 1
2143 2
842 1
815 1
1749 2
1391 2
1914 2
3015 1
2137 1
2142 2
2328 2
949 1
1564 1
843 1
499 2
3098 1
1468 2
3064 1
1290 1
3033 2
2717 1
297 2
1604 1
2275 1
1407 1
2446 1
1309 1
1091 1
159 2
2827 2
2713 2
1712 1
3127 1
985 1
917 2
2665 1
1193 1
2256 1
3153 2
3059 1
509 2
1108 1
2916 1
1483 1
1697 1
1429 2
1273 1
2633 1
12 2
3207 1
799 1
1447 1
1413 1
2020 2
1445 1
668 2
1446 1
1414 1
2862 1
2901 2
2912 2
167 2
1495 1
642 1
2513 2
1272 1
2515 2
398 2
766 2
2001 2
2514 1
515 2
131 2
980 2
1230 1
1305 2
1648 2
2913 1
700 1
1899 2
3164 2
1306 1
1894 2
3166 2
607 1
106 2
2516 2
2150 2
1808 1
1451 2
1019 1
2149 2
2437 1
394 2
1582 1
168 2
1274 1
2146 2
1520 2
2145 2
2147 2
2148 2
1529 1
2675 1
3263 1
1943 2
3167 2
1278 1
2069 1
2736 1
2403 1
767 1
2464 1
768 1
2082 2
797 1
961 1
1933 1
2361 1
2509 1
671 2
2508 2
2507 1
2158 1
1297 1
1713 1
81 2
3220 1
1129 1
1140 2
3049 1
1692 2
2204 2
1104 1
1625 2
32 2
124 2
2068 2
1096 1
869 2
2871 2
1843 2
3264 1
2471 1
1774 2
2163 2
1204 1
940 1
1735 2
2209 1
2591 1
2671 2
501 2
576 2
2367 1
3065 1
1760 2
1081 1
2412 2
1141 1
1823 1
1301 2
2060 1
1300 2
1299 2
832 2
924 1
1337 2
890 2
2360 2
3094 1
3066 1
2168 1
1199 2
1888 2
2057 1
2601 2
133 2
1166 1
2349 1
967 1
2923 1
53 2
2202 2
697 1
3062 1
817 2
3191 1
2084 2
1994 2
1428 1
806 2
1814 1
530 2
2088 1
1316 1
2445 1
1686 1
1779 1
496 2
2521 2
290 2
316 2
1536 2
2431 1
1125 1
2569 1
1961 1
2652 1
1186 2
1825 2
2442 1
1512 2
1358 2
756 2
1311 1
158 2
2268 1
2804 2
2946 2
1248 2
2457 1
1247 2
1532 1
110 1
2440 2
1040 1
3200 1
1856 2
3199 1
1373 1
867 1
2119 1
1929 1
1743 1
157 2
65 1
342 2
3043 1
2441 1
523 2
1884 1
2198 2
1203 1
3249 2
2779 1
2055 1
2656 1
3 2
2557 2
138 2
557 2
1160 1
137 2
780 2
2615 2
1430 1
3131 1
2782 1
1509 1
2345 1
2392 2
280 1
3005 1
2189 1
2348 1
303 2
2115 2
2789 1
1585 2
1014 1
565 2
2071 2
69 1
10 2
293 2
1158 1
1584 2
1005 1
2092 1
339 1
2978 1
1354 2
562 2
650 1
529 2
136 2
3100 1
1074 2
440 1
1159 1
2230 2
2212 1
2773 1
2165 1
216 2
2787 1
503 1
730 2
378 2
2788 1
1185 1
149 2
150 2
151 2
152 2
560 2
2688 1
893 2
2687 1
2686 1
3077 2
2255 1
2359 2
1244 2
3091 2
2171 1
1951 2
608 1
1988 2
3266 2
2931 1
2681 1
1539 2
1571 2
2326 2
1555 1
2757 1
1310 1
819 1
2096 1
1184 1
1183 1
1809 1
1948 2
2207 1
1950 2
1949 2
2586 2
2072 1
2302 1
999 2
3252 2
546 2
1947 2
1946 2
693 1
1438 2
1346 2
3253 1
1360 2
92 2
380 2
625 1
2375 1
2368 1
2693 2
2722 1
586 2
3254 1
1945 2
2235 2
2495 1
587 2
1944 2
588 2
1987 1
1051 1
1399 2
1986 1
1234 1
1433 1
2952 2
261 2
3067 2
2578 1
83 1
3068 2
622 1
593 2
2530 2
353 2
349 2
1734 2
2535 1
1282 2
2074 2
3134 2
2075 2
702 2
1992 1
2443 1
300 2
2724 2
3250 2
2551 2
1124 2
232 2
2033 2
2261 2
2262 2
284 2
1901 2
2534 1
2488 1
692 1
3103 2
609 1
592 2
3105 1
958 1
1832 2
1673 2
2938 2
1202 1
2073 1
2153 1
1084 1
527 1
3156 1
2026 2
2655 1
2992 1
3048 1
2070 1
1419 1
108 1
561 2
1324 1
2049 2
2095 2
3013 1
359 2
2241 2
2242 2
2611 1
446 2
2015 1
1456 2
1824 2
3177 2
1021 1
3017 1
351 2
2243 2
729 1
728 1
1895 1
2728 1
3268 1
1791 1
1731 2
2182 1
2061 2
3184 1
1751 1
412 2
558 2
620 1
190 2
2062 2
1459 1
2837 1
2967 1
738 1
3255 2
707 2
2351 2
317 2
2390 2
708 2
396 2
395 2
1072 2
2594 2
2558 2
2937 1
448 2
1516 1
2584 1
778 2
2427 1
1086 1
38 1
295 2
652 1
14 2
340 1
918 2
3233 2
2226 2
278 2
1998 2
139 2
665 2
2251 2
1562 2
921 2
2677 1
2794 1
2676 1
1228 1
782 2
901 1
1741 1
2435 2
564 2
892 2
451 2
1095 1
1426 2
1232 1
1858 2
2312 1
864 2
2684 1
1069 1
2174 1
2683 1
2036 2
1100 1
686 2
718 2
1467 2
2644 1
173 2
1578 1
982 2
2386 1
1150 2
1441 1
1533 1
807 2
1370 2
759 2
1137 1
2411 2
1631 2
1175 1
1872 2
3171 1
696 1
1453 2
42 2
865 1
1887 1
1148 1
1826 1
1219 1
2600 1
155 2
1279 1
2381 1
1271 1
2503 1
2710 1
205 2
2990 2
55 2
2750 1
2382 1
2669 2
1691 1
1349 1
1724 2
1577 1
1725 2
653 2
1939 1
2608 1
7 2
2246 1
2299 1
1870 2
2229 1
2245 2
2244 2
1538 2
2164 1
3223 1
1954 1
143 2
2501 1
981 2
2606 2
1576 1
2618 1
9 2
1574 1
1575 1
2125 2
8 2
142 2
421 2
2379 2
1573 2
1736 2
2772 1
3132 2
3004 1
3235 2
4 2
2385 1
2704 1
535 2
1572 2
1056 1
2475 1
1071 1
2079 2
2313 1
1653 1
2771 1
1350 1
2479 2
5 2
1931 2
2378 2
2087 1
6 2
2520 1
2848 1
895 1
1821 1
2519 1
1540 1
637 2
2080 2
1264 1
174 2
928 2
324 2
1717 1
1154 2
644 1
2325 2
1617 2
1761 2
1458 2
458 2
1786 2
1845 1
514 1
1645 1
1408 2
2334 2
3018 1
2239 2
2802 2
3114 1
2628 2
1473 1
1530 1
1126 2
878 2
688 2
2063 1
931 2
87 1
805 1
1418 1
154 2
1831 1
3035 1
1742 1
3146 2
655 1
2447 2
1411 1
750 2
549 2
855 1
749 2
2795 2
1811 1
1652 2
1581 1
2877 1
960 1
3138 1
2549 2
2746 1
275 1
2689 1
1996 2
536 2
2760 1
1075 1
2470 2
1893 2
2661 1
161 2
1900 2
2304 2
1626 2
1618 1
1215 1
595 2
1482 1
1397 1
1351 1
2487 2
1799 2
2353 2
796 1
431 2
144 2
2786 1
1601 1
204 2
1246 2
1101 1
1177 2
1153 2
2335 2
2556 2
162 2
2935 1
1547 2
821 2
1421 2
915 2
1245 2
532 2
1990 2
926 2
1089 2
2943 1
2908 1
971 1
2991 1
975 1
146 2
1392 2
2777 1
2560 2
2297 2
596 2
464 2
465 2
2249 2
1212 2
2623 1
2905 2
132 2
2748 1
2907 1
1207 2
2906 1
2013 2
1657 1
941 1
3122 2
145 2
1583 2
2585 1
182 2
542 2
633 2
2491 2
1920 2
2778 1
706 2
2370 1
2582 2
612 1
354 2
472 2
1830 2
3002 1
1773 1
2461 1
466 2
467 2
468 2
3163 1
1854 2
3188 1
1020 2
2498 2
2422 1
2576 1
1092 2
519 2
2820 1
1434 1
1208 1
2028 2
2450 2
786 2
1374 1
1064 1
2167 1
2344 1
2596 1
1090 2
1795 2
2617 1
304 2
437 1
2735 1
1796 2
2864 2
639 2
1174 1
1076 2
2173 1
2903 2
2999 1
2928 2
452 2
406 2
2919 1
1804 1
105 2
68 1
2030 1
1286 1
1912 2
2506 2
2181 1
2691 1
2265 1
1597 1
438 2
1281 2
408 2
553 1
2942 1
60 2
2296 2
824 2
2031 1
1412 2
2692 1