3160 1
3468 1
280 2
2461 2
3422 2
1312 1
2477 1
2633 2
1784 1
2557 2
2780 1
3072 1
3143 2
2481 1
1752 2
237 2
3464 1
3345 1
394 1
3182 1
2608 2
32 2
1640 2
2599 1
3245 2
475 2
991 1
3177 2
3194 1
1315 2
809 1
1828 1
2210 1
2252 2
1085 1
1374 1
1783 1
2394 2
896 1
468 2
2908 1
2322 2
2814 1
1186 2
2923 1
2446 2
1624 2
239 2
2667 2
2367 2
2790 2
2031 2
98 1
2346 1
3532 1
2127 2
372 2
1239 2
1105 1
3339 1
211 2
3032 1
1629 1
2148 1
2021 2
1575 2
78 2
2570 1
1403 2
2065 2
3149 2
2250 1
1155 2
395 2
3067 1
1725 1
1665 2
344 2
1046 2
3338 1
1192 2
3447 1
2985 1
3137 1
1666 2
1523 2
3430 1
376 2
3239 1
2867 2
1483 2
3404 1
2826 2
3140 1
2484 1
276 1
3176 2
2515 2
2249 1
2872 2
1854 1
2215 2
3312 1
2611 1
71 1
3225 2
333 2
874 1
3228 1
717 2
2156 2
861 1
2631 2
774 1
2019 1
2052 2
443 1
2204 2
3355 1
2145 2
1113 2
1658 2
2209 2
2041 2
698 2
1481 1
2912 2
2893 2
367 2
3350 1
2223 2
804 1
2273 1
1875 2
3153 1
1578 1
1944 2
3270 1
1565 2
2910 1
1740 2
2194 2
173 2
2879 2
881 1
1873 1
857 1
3103 1
1886 2
3266 1
2310 1
2151 2
2286 1
2824 2
957 1
291 2
2566 2
1401 2
118 2
675 2
3507 1
1929 2
2657 2
322 2
3188 2
1856 2
1092 2
3299 2
2937 1
1526 2
132 1
501 2
1380 2
909 1
1671 2
1809 2
1095 2
1650 2
1594 1
1181 1
2994 2
1761 1
1048 1
2812 2
503 1
1778 1
3477 1
2328 1
303 2
1428 2
369 2
1638 2
2196 1
2068 2
616 2
1531 1
1770 2
1780 2
396 2
665 2
3069 1
199 1
1698 2
550 2
1741 2
3284 1
2534 1
3057 1
2984 1
634 2
275 1
1372 1
3148 1
1891 1
1010 1
1963 1
2342 2
1723 1
985 2
992 2
2956 2
293 2
2254 2
2784 1
3395 1
1914 2
2423 2
1150 1
425 1
453 1
654 1
1870 1
603 2
1850 1
2834 1
2282 2
1738 2
2957 1
430 1
115 2
1926 2
2063 2
3181 1
2453 1
2473 1
785 1
711 2
2456 2
2238 2
2356 1
3034 2
1264 1
1313 1
854 1
37 2
1846 2
3179 1
1597 1
464 2
747 2
152 1
433 1
2672 1
169 2
534 2
56 2
110 1
2791 1
2609 1
3492 1
3150 1
767 2
3283 1
670 1
1596 2
1970 2
3499 2
455 1
3276 1
1436 2
2813 2
3527 1
2469 1
2585 2
3006 1
3340 1
253 2
1940 1
1831 2
307 2
1359 1
3162 2
2789 1
1957 2
1185 2
183 1
3446 1
3332 1
1561 2
3015 1
659 2
3055 1
2869 2
2663 1
491 1
3508 1
2549 1
818 1
2927 2
3311 1
2387 2
427 2
2095 2
3408 1
2832 1
547 2
1567 2
2242 2
1171 2
2914 1
268 2
1871 2
2836 1
911 2
1237 1
1581 2
2293 1
1429 2
830 1
2771 2
3427 1
1244 1
713 2
153 1
1637 2
2596 1
561 2
1649 2
2572 1
1806 2
1552 1
424 1
2740 2
48 2
2180 2
2101 2
2654 2
3420 1
1371 2
3297 1
2274 2
3043 2
751 1
1989 1
3374 1
1327 1
1945 2
20 1
1463 2
513 1
457 1
1136 1
3038 1
1287 1
250 2
2874 1
2467 1
3346 1
1148 2
1857 1
3325 1
2594 1
2221 1
2922 1
756 1
2235 1
2333 1
2199 2
225 2
374 2
588 2
1498 2
1056 2
2498 1
718 2
393 2
1209 2
1998 1
1781 2
72 2
965 2
154 2
3438 1
3203 2
2936 1
2727 1
1654 2
812 2
113 2
3105 1
2719 2
408 2
1255 2
838 1
2681 1
405 1
1410 2
2537 2
1383 2
212 1
1863 1
3009 1
563 2
2918 1
1651 2
3190 2
2694 1
1402 2
658 2
674 2
1801 1
798 1
2370 2
1488 2
744 2
2320 2
3356 1
3310 1
2397 2
2494 1
1981 2
436 2
1070 1
1559 1
3257 1
800 1
2756 1
1351 2
2982 1
745 1
2561 1
2815 1
2775 1
1758 2
2025 2
1208 1
2911 2
2563 1
1128 2
3152 1
1834 2
3484 1
1556 2
2207 2
61 2
2781 2
31 1
2350 1
3169 1
754 1
1517 2
3234 1
2995 1
3159 1
1772 2
1043 2
1534 1
3490 1
627 2
3437 1
2902 1
3384 2
2529 2
1086 1
1143 1
1456 2
1141 1
3092 1
1049 1
735 2
2259 1
2463 2
2640 1
360 2
3107 1
3173 2
741 1
1737 2
238 1
397 1
1408 2
1115 2
487 1
2184 2
231 2
3403 1
2830 1
1390 1
2391 1
3215 1
1773 2
2416 2
414 1
1744 1
1045 2
703 2
1421 1
368 2
116 1
1375 1
3478 2
2900 1
3327 1
3232 1
727 1
2678 2
1017 1
950 2
207 2
601 2
1494 2
3128 1
586 2
3321 1
2711 2
1059 1
216 2
3435 1
146 2
156 1
3131 1
1742 2
2018 2
567 2
2017 2
3378 1
2305 2
1973 2
976 1
1755 2
2388 1
3479 1
1025 2
2634 2
1268 1
924 2
678 1
2849 2
1210 1
1532 1
1028 1
1943 1
1398 1
1062 1
819 1
2659 1
1425 1
3518 2
930 2
2618 2
2465 2
251 2
2606 1
1490 1
2972 1
1417 2
2427 1
2227 2
2676 2
203 1
3330 1
3086 1
1476 2
232 1
1167 2
2806 1
1200 1
2276 1
2347 1
90 2
1711 2
1274 2
2520 1
12 2
2996 1
2157 1
1293 1
1016 1
2805 2
3421 1
2097 2
1172 2
732 1
632 2
407 2
1912 2
1142 1
1486 2
712 1
2526 1
421 2
619 2
914 2
141 2
2873 2
972 1
1822 2
752 2
1546 2
1894 1
1424 2
5 1
947 1
1510 2
1411 2
3322 1
129 1
1376 2
2899 1
2160 2
1415 2
2857 2
1836 1
3180 1
2418 1
1290 1
3469 2
792 1
3315 1
1137 2
1683 2
2597 1
2997 1
70 2
315 1
196 1
2624 2
956 2
584 2
2470 1
1118 1
3475 2
467 2
1295 1
2114 2
3296 1
3396 1
230 1
214 2
1470 2
2584 1
2829 1
2201 2
2785 1
2592 2
3056 1
2289 1
3319 1
108 2
884 2
3008 1
3367 1
1518 2
1548 2
1577 1
139 1
1792 2
631 2
1893 2
2704 2
895 2
2062 2
2863 1
302 2
2163 2
1605 2
1357 1
2296 2
1855 2
2449 2
811 2
1324 1
2448 2
2495 2
273 2
3400 1
625 2
2313 2
784 2
446 2
2248 1
3224 1
2701 1
80 2
1715 2
1570 1
3191 2
1878 2
707 2
2655 2
789 2
1096 2
826 2
306 1
1412 2
1663 2
1688 2
1082 1
2833 1
1541 2
2767 2
2793 1
3249 1
2721 1
168 2
1516 2
814 2
3360 1
3058 1
77 1
1707 2
2861 2
1858 1
378 2
594 2
1513 1
761 1
2705 1
3084 2
987 1
2047 2
2384 2
401 1
3134 1
2001 1
2858 1
1176 1
1708 2
3051 2
1288 1
297 2
3390 1
3271 1
2260 2
2717 2
540 2
515 2
308 2
2396 1
2004 2
3359 1
1454 1
1395 2
1915 2
3231 1
2739 2
18 2
655 1
2412 2
309 1
209 2
1258 2
763 2
2577 2
2953 1
2439 1
951 1
2040 2
539 1
782 2
3370 1
1991 2
2553 1
67 2
2779 1
1746 2
11 1
1076 2
1068 2
1386 2
646 2
1441 2
3079 1
1033 2
2392 1
592 2
1019 2
2628 1
2696 1
1648 1
968 2
482 2
477 1
1659 2
454 2
2440 2
1923 2
1967 1
2742 2
2020 1
3329 1
1162 1
1499 2
3080 2
349 1
737 1
695 2
2137 2
2981 1
562 1
587 2
2970 2
1972 2
2380 1
3019 1
3063 1
3491 1
1583 2
3028 1
9 1
1941 2
1872 1
664 1
2710 1
3081 1
1560 2
3454 2
1480 2
941 2
835 2
742 1
1443 2
3275 1
739 1
3291 1
1493 1
3077 1
1416 2
2800 1
2060 2
2989 1
3252 1
3126 1
1302 1
2206 2
1000 2
470 1
2297 1
1500 2
304 2
420 2
768 2
64 2
2429 2
1697 2
730 1
2066 2
1276 2
3494 1
893 1
1535 2
2801 2
172 1
2882 2
1807 2
2071 2
2556 1
1832 2
647 1
1756 2
529 1
351 1
620 2
2111 2
2748 2
2302 1
380 1
2232 2
585 2
3456 1
1817 2
2545 2
983 1
1399 2
310 2
569 2
776 1
3392 1
241 2
259 1
1971 2
2870 1
1515 2
2590 1
201 2
256 1
2030 2
2140 2
672 1
3035 1
719 1
2503 1
1985 1
2542 1
2644 1
576 2
1005 2
2375 2
953 2
3380 1
23 1
305 2
2687 2
2940 1
2331 1
347 2
2112 2
2773 2
2714 2
3323 1
545 2
1610 2
2924 1
2475 1
1191 1
697 2
2622 1
2951 1
3044 1
1214 2
897 1
3471 1
1928 2
903 1
2695 1
2516 1
2085 2
3125 2
2764 1
2214 2
161 2
1765 2
260 1
2466 2
1391 2
639 1
75 1
2616 2
1054 2
2896 2
1022 1
1119 2
1816 2
189 2
3172 1
3436 1
931 2
657 1
2103 2
2892 2
1280 2
2007 2
2471 1
2032 2
1034 2
226 1
3071 1
2744 2
3158 2
2493 1
3289 1
1487 1
3195 2
1027 2
2405 2
3074 1
2368 2
834 2
2190 2
1083 2
50 1
2225 2
1397 1
2508 2
2490 2
3407 1
1524 1
2519 2
1260 2
2300 2
1247 2
549 1
3155 2
62 2
243 1
2978 1
981 2
94 2
2197 1
1040 2
1164 2
447 2
2926 1
1764 2
626 2
1800 2
3163 2
288 2
1652 2
869 2
1373 1
2376 2
3246 1
2337 2
127 2
52 2
876 1
1557 2
2530 1
1069 2
606 1
3096 1
1036 1
1245 2
7 1
3500 1
2601 1
2975 1
2848 2
338 2
517 2
1685 2
3394 2
660 1
2527 2
1608 2
1888 1
2729 2
1721 2
817 2
2755 2
2598 1
1224 2
709 1
3278 1
820 2
1330 2
2854 2
39 2
2786 1
2547 2
3061 1
824 1
1009 1
889 1
385 1
2702 1
1284 2
1157 2
1437 2
1053 1
3449 1
143 2
96 2
1750 2
2373 1
1965 2
2535 1
377 1
1362 2
1812 2
348 1
345 2
705 1
402 2
971 2
3515 1
1614 2
604 2
1829 2
2228 2
514 1
3248 1
2125 2
1804 2
2807 1
1291 2
177 2
2269 2
3381 1
3505 1
2488 2
1024 2
2971 2
1911 1
440 1
1267 1
3262 1
2548 2
3443 1
2600 1
1924 2
320 2
1038 2
488 1
264 2
1609 2
2170 2
775 1
51 2
289 2
2507 1
704 1
2987 1
3208 2
3503 1
519 2
2172 2
1520 1
939 1
2737 2
641 2
2395 1
2428 2
2524 2
1382 2
332 1
2979 1
1134 2
1555 2
1292 1
821 1
1011 2
1064 2
1898 2
2938 1
3242 1
1759 1
2000 2
1301 1
3147 1
188 1
2522 1
758 1
1571 1
1626 1
2850 1
648 1
1656 2
613 2
2176 2
1465 2
2604 1
3037 1
53 2
2043 2
1747 2
1728 1
2116 2
38 2
3085 1
1396 1
1058 2
2478 1
1389 2
2081 1
2290 2
649 2
3132 1
1842 2
2437 1
2623 1
1808 2
1885 2
1318 2
943 2
2724 2
636 1
863 2
451 2
3268 2
2167 1
1341 2
236 2
1229 2
1529 2
3083 1
2555 1
19 2
459 2
3045 1
3485 1
42 2
1754 2
3170 1
1100 2
364 2
607 2
1450 2
3202 2
3247 1
615 1
2443 1
3361 2
2308 1
16 1
1591 2
3324 1
2150 1
3168 2
2876 2
2573 1
1394 2
679 1
2708 2
759 1
1099 1
1111 1
3139 2
1078 2
723 2
1509 2
676 2
429 2
1279 2
1639 2
2175 2
507 1
68 1
3167 1
2245 2
557 1
978 2
1897 2
2966 1
2382 1
1297 2
460 2
3391 1
45 1
59 2
2056 2
1595 2
1961 2
2301 2
1230 2
3253 1
370 1
35 1
2959 1
3509 1
1502 1
2183 2
1001 2
1687 1
1917 2
825 2
277 1
2326 1
301 1
1569 1
2630 2
450 2
948 1
1851 2
148 1
2531 1
3373 1
1573 2
964 2
2799 1
1202 2
111 2
1307 2
2965 1
147 2
29 1
2422 2
85 1
1409 2
1702 2
2059 2
2949 1
1879 2
171 1
3317 1
2193 1
958 2
715 2
866 2
3265 2
843 2
2698 1
2038 2
3012 1
2414 2
97 2
3393 1
2487 1
1114 2
3218 1
1919 2
1668 2
1041 2
823 2
33 2
3135 1
1385 1
1198 2
55 2
3014 2
3347 1
1107 1
1061 1
1598 2
946 2
2625 1
1072 1
3318 1
87 2
2403 1
2658 2
2061 2
3250 1
1630 2
4 2
1657 2
1358 2
3046 2
205 2
3199 1
2436 1
213 2
832 1
1089 2
117 2
2562 1
399 1
2765 1
565 2
2153 1
1975 1
167 2
2205 2
2482 2
839 2
3442 1
2334 1
3434 1
628 2
1445 1
1165 2
2365 2
27 2
1904 1
3124 2
1222 2
254 2
2126 2
2099 1
908 1
582 2
329 2
902 1
1251 2
2100 1
2233 2
2637 1
1889 2
1273 1
137 2
3244 1
3151 1
484 2
783 1
2795 1
2054 2
164 1
170 2
1002 2
1248 1
3073 1
130 1
1837 2
3333 1
2915 1
3486 1
2794 2
2881 1
1225 2
729 1
2963 1
1633 1
1257 2
1825 2
2294 1
2930 1
770 1
109 1
1193 2
366 2
3287 1
624 1
1020 2
2455 1
3352 2
3018 1
1277 1
1990 2
1355 1
3498 1
121 2
184 2
997 2
883 2
1206 1
786 1
2115 2
637 1
701 2
2668 2
602 1
1763 1
2692 1
197 1
3314 2
1263 1
400 2
877 2
2700 1
3 2
2961 1
25 1
1108 2
1135 1
961 1
879 1
133 1
403 2
99 1
1426 1
2222 2
2517 2
1512 2
2113 2
389 2
906 2
2921 2
533 1
612 1
662 1
1377 1
2077 2
599 2
975 1
2933 2
1905 2
3410 1
3161 2
3428 2
2279 1
3207 1
2669 2
2012 1
3193 1
936 2
1458 2
34 2
982 2
3429 1
1786 1
1935 2
3226 1
2138 1
3164 1
2285 1
2662 2
934 1
2321 1
847 2
1117 1
1767 2
3116 1
2934 1
762 1
3230 1
3001 1
1484 1
1617 2
1104 2
2888 2
2307 1
2406 1
122 1
3157 2
1170 2
1667 1
2754 1
912 1
1471 2
831 2
136 2
1444 2
3089 1
1684 2
2489 1
2885 1
1254 1
3237 1
2268 2
2033 2
439 2
3053 1
2147 2
2073 2
479 1
1689 2
294 2
1542 2
47 1
1350 1
894 2
1133 2
2008 1
1757 2
2950 1
2132 2
269 2
797 2
1604 2
190 1
1381 2
1979 2
2042 1
805 1
3379 1
1477 1
1907 2
2188 2
1880 1
2121 2
1156 1
2236 2
1242 2
2932 1
2607 2
598 2
3525 1
2319 2
692 1
1727 1
2621 2
422 2
528 2
1234 1
1937 2
1194 1
1138 2
2525 1
1367 1
3445 1
2327 2
2311 2
2120 2
1958 1
352 1
522 1
3235 1
650 2
1029 1
3285 1
1163 2
1909 2
699 2
3113 1
2904 1
691 2
2774 1
3528 1
1947 2
2990 1
802 1
1506 2
2817 2
644 1
1360 2
1819 2
605 1
524 2
2216 2
927 2
2769 1
217 2
2098 1
1438 2
2650 1
383 2
1803 2
1243 1
1942 2
526 1
2045 2
581 2
339 2
388 2
1678 2
3432 2
2847 1
1352 2
66 2
49 2
1599 2
135 1
3433 1
689 1
494 1
2735 2
1882 1
3013 1
769 1
2666 2
404 2
6 2
1922 2
3440 1
2226 2
2860 2
1590 2
2082 2
1154 2
574 1
2271 2
3293 1
1916 1
3326 2
2486 1
696 2
973 2
608 1
635 1
1576 2
1060 1
979 2
1580 2
1673 2
3402 2
1361 1
174 2
977 2
1190 1
3343 1
2697 1
2144 1
1554 2
1174 2
940 1
907 1
3094 1
1149 1
2386 2
3354 1
1501 2
1158 1
1317 1
3461 1
3335 1
1866 1
3513 2
3236 1
445 2
3016 1
836 1
1187 1
1927 1
1843 2
1271 1
904 2
3337 1
1949 2
191 2
1265 1
3487 1
2792 1
546 2
680 1
518 1
3328 1
2505 1
155 2
652 1
1021 1
1303 2
937 1
2626 1
2014 1
1533 2
2090 2
3106 2
663 2
2317 1
2135 2
3382 1
743 2
2691 1
3062 1
382 2
2345 1
2980 1
920 2
1997 2
1726 2
3031 1
3166 1
2474 2
2378 2
3186 1
2580 1
2263 1
1256 2
693 2
2013 2
3458 1
2862 2
511 2
1370 2
1475 2
2964 1
2568 1
3165 1
2511 1
432 2
26 2
2569 1
379 2
3369 1
1012 2
1544 2
1347 2
2048 1
2003 1
1693 2
3510 1
1414 2
1543 1
858 1
3530 1
200 1
1306 2
944 2
3184 1
3520 1
2304 1
974 1
746 2
2191 2
3075 1
2292 2
2312 2
2034 2
3020 2
2865 2
100 1
2591 1
1337 2
1131 2
1613 1
123 2
593 1
2309 1
215 2
945 1
456 2
1366 1
2468 1
3022 1
3142 1
3331 2
1913 2
2738 2
2091 1
2472 1
3088 1
2105 2
2316 2
3424 1
1039 1
1661 2
2925 1
1052 1
2451 1
2613 2
2679 2
2635 1
1305 1
1153 1
1004 2
1087 2
1221 2
1950 2
643 2
1084 2
3372 1
2828 1
555 2
3000 1
2811 1
3238 1
2619 1
1824 2
2864 1
1188 1
1540 1
1563 2
2689 1
2299 2
1073 1
431 1
1884 2
629 2
1847 2
1326 1
2675 1
2942 1
1505 2
873 2
163 2
2521 2
493 2
886 1
559 1
2884 1
1712 2
3409 1
2306 1
1955 2
1159 2
1798 2
1653 1
803 1
816 1
2665 2
864 2
1622 2
2988 1
145 2
198 1
1406 1
1433 2
3090 1
1655 1
731 2
1748 2
1304 2
2818 2
1349 2
2402 2
2028 2
1511 2
2086 2
1525 2
2141 1
2768 2
1452 2
591 2
1690 1
417 1
2713 2
2407 1
531 2
1810 1
285 2
92 1
885 2
2725 2
356 2
618 2
2752 2
1695 2
3483 1
1457 2
536 2
1336 1
1691 2
795 2
1204 1
358 2
1528 2
2939 1
2058 1
3389 1
2024 1
2130 2
1933 1
3011 2
1966 2
2247 2
827 2
3104 1
2154 2
2732 2
558 2
1353 1
1074 2
3027 1
1895 1
1716 1
2264 1
2491 2
801 2
195 2
1579 1
2967 1
2298 1
564 1
2745 2
1296 1
30 2
1422 2
1968 2
661 1
1189 2
2901 2
1636 2
2088 1
1047 2
1644 2
1987 2
755 2
1593 1
336 2
3277 1
210 2
505 1
316 2
1161 1
852 2
1328 2
2909 2
544 2
3496 2
1918 1
1035 2
267 2
2330 1
2802 1
2323 1
2314 1
1982 2
611 2
2480 1
2948 1
3295 1
1168 1
2447 2
3227 1
2459 2
2816 1
1503 2
2587 1
1562 2
1468 1
994 2
520 1
842 1
1699 2
1852 1
651 1
2639 1
2565 1
2603 2
2576 1
2288 1
3363 1
2261 2
1901 2
192 2
1199 1
2016 2
1098 1
2257 1
1530 2
2441 2
575 1
180 2
813 2
2741 2
3192 2
780 2
1405 1
44 1
986 1
1930 2
954 2
2476 2
1735 1
2810 1
2983 1
279 1
2574 1
2906 2
2185 2
1664 2
2506 1
1983 1
1959 1
255 1
3348 1
710 1
1177 2
2647 1
1420 2
15 2
3353 1
1729 2
2318 1
1235 2
2220 2
2602 2
318 2
1183 2
3093 1
387 1
1446 2
2683 1
58 2
525 1
2287 2
1006 2
1704 2
633 2
1745 2
2435 2
3205 2
2513 1
556 2
3026 1
469 1
3441 1
3099 1
1706 1
2325 2
822 2
3358 1
1180 2
851 2
2348 1
532 2
597 1
74 1
2362 1
3426 1
3174 2
3111 1
3261 1
3204 1
2231 2
286 1
324 2
3413 1
442 1
2123 2
787 1
2011 1
1007 2
151 1
1796 2
2684 1
3041 1
1797 1
2133 2
1442 2
1196 2
645 1
3127 1
2645 1
2543 1
1496 1
938 1
2295 1
384 2
1777 2
1587 2
252 1
2632 1
3504 1
1063 1
725 1
2258 2
1969 2
2389 1
668 1
1365 2
2703 2
1023 2
1830 2
2420 1
326 1
1676 2
867 2
617 1
799 1
1646 2
1802 2
2787 1
955 2
354 2
3183 1
1603 2
335 2
1980 1
428 2
1962 2
365 1
128 2
3320 1
1314 2
928 2
2192 1
1766 2
328 2
1331 2
312 2
3213 1
359 1
1387 2
1281 2
93 2
3024 1
2589 1
2400 2
2588 1
2426 2
3123 1
917 2
2943 2
390 1
2143 1
176 1
2808 1
2969 1
182 2
1201 1
3023 1
1369 1
2777 1
3048 2
221 2
2049 2
3264 1
1309 2
1623 2
2409 1
355 2
726 2
2883 2
3119 1
3531 2
175 2
1030 2
708 2
2913 2
2152 1
910 1
194 1
28 1
3033 2
3423 1
638 2
706 2
2509 1
3489 1
3377 1
2760 1
3364 1
2840 1
1903 1
3474 2
1195 1
3425 1
1736 2
3444 1
1734 2
2757 2
2686 1
3272 1
274 2
1811 2
1467 2
860 2
3344 2
2536 1
3357 1
3526 1
2485 2
530 2
1790 2
2851 1
3516 1
3210 1
3030 1
2852 2
1122 2
227 2
1144 2
2262 2
2267 1
2539 2
2155 2
694 2
2838 2
702 1
2450 2
788 1
1431 2
1931 2
1213 1
1227 2
1670 2
1953 2
2174 2
766 1
2117 2
2649 2
3108 1
2357 2
1984 1
1841 2
3219 1
2579 1
1321 1
3529 1
1413 2
160 1
2853 1
1451 1
278 2
2905 1
57 2
416 2
179 1
1827 2
2868 2
1584 1
2593 1
2706 1
2 2
2944 1
880 2
1147 2
119 2
929 2
1910 1
753 2
2050 2
667 2
1826 1
1 2
319 2
2804 1
1197 2
3308 1
2107 2
3097 1
2361 1
462 2
2168 2
2445 1
790 1
2770 2
1874 2
571 2
2871 2
3254 1
166 1
1018 2
2595 2
114 1
2582 1
1710 2
2187 2
1960 2
1672 2
2398 2
2827 1
2093 1
2266 2
2002 1
2946 1
3002 1
3068 1
960 2
1427 1
966 2
2664 2
2954 1
1050 2
1392 2
2122 2
2110 2
124 2
3222 2
2229 2
2404 1
1631 2
2843 2
2798 1
1088 2
3256 1
781 1
2139 2
3448 1
411 2
3495 1
342 2
3082 2
596 2
3017 1
970 1
2856 2
3502 1
266 2
1642 2
54 1
2558 2
2219 1
341 2
2119 2
1564 2
2685 2
850 2
258 2
2208 2
589 2
3397 1
480 1
1995 2
3406 1
1447 1
3386 1
688 2
46 2
1951 2
3482 1
687 2
1146 1
3298 1
778 1
21 2
2627 1
1718 2
3342 1
1435 2
3375 1
1799 2
3467 1
2352 2
1343 1
1988 1
3451 1
853 1
1892 2
2841 1
3223 1
1558 2
1795 1
1252 2
1379 1
112 2
2255 1
438 2
980 2
1694 1
1123 1
892 2
2104 2
2169 2
2782 1
1232 2
1607 2
2976 1
3316 2
283 2
3200 2
1731 2
149 2
3120 1
476 1
2821 1
3301 1
2546 2
1272 2
733 2
3229 2
2889 2
2230 1
3050 1
3040 1
1474 1
1091 1
2962 1
2544 1
510 1
749 2
677 1
2712 1
673 1
2931 2
1124 2
2256 2
554 1
2005 2
862 1
3269 1
3197 1
2171 2
1938 2
3476 1
2385 1
1611 2
538 2
3306 1
2374 1
2783 2
2571 1
3292 1
969 2
1700 2
1724 2
1037 2
2109 2
900 2
63 2
2952 1
2999 1
1294 1
3206 2
2360 2
2379 2
3522 1
2890 2
1285 2
3198 1
1643 2
3455 1
483 1
2083 2
2340 1
3187 2
1236 2
2887 2
808 2
1714 2
2746 2
1368 1
2646 1
2638 1
1899 2
1419 2
2751 2
1259 2
2383 1
3290 2
2275 1
2401 2
1954 1
1346 2
234 2
282 1
2919 2
1720 2
3419 1
1508 1
406 2
2039 2
1126 1
1634 2
1205 2
222 2
3098 1
2454 2
3307 1
640 2
1853 1
2730 2
833 2
1545 2
1616 2
2265 1
1774 2
82 2
461 2
500 1
1173 2
3313 1
1495 2
2413 2
2723 2
2377 1
2363 1
142 2
682 2
412 1
490 2
2552 2
3473 1
1151 1
2419 2
1067 1
3415 1
2998 1
2270 1
2044 1
2338 2
568 1
1203 1
901 2
3251 1
1864 1
3462 1
1491 2
2977 2
2636 1
728 2
1868 1
1751 1
1329 2
1977 2
1207 2
932 1
2897 1
2026 1
714 2
229 1
1964 2
1081 1
357 2
1121 1
2492 1
2880 2
2444 2
845 2
2161 2
595 2
738 1
248 1
1785 2
1110 1
2974 1
3417 1
1079 2
1485 1
3309 1
841 1
224 2
521 2
684 1
913 2
105 2
2551 1
2240 2
2497 1
3129 1
2886 2
2189 2
240 2
398 2
1460 1
2809 2
2303 2
3121 2
2839 1
350 1
542 2
2560 1
630 1
1939 2
560 1
1102 2
506 2
3021 1
2610 2
2051 2
2540 2
495 2
103 2
2844 1
1925 2
17 2
2149 2
1521 1
577 2
686 1
265 1
2037 2
828 2
1788 1
700 1
3398 1
2057 2
3005 1
1675 2
2272 1
993 2
690 2
2460 2
3259 1
1701 2
1821 2
2078 2
722 1
844 2
296 2
2158 1
73 1
2750 1
2728 2
3401 1
219 2
76 2
1908 2
2243 2
292 1
949 2
1627 1
2660 1
330 2
1462 1
2462 1
3368 1
2528 1
1999 1
271 1
1625 2
2284 1
2578 1
298 2
386 1
1489 1
125 2
95 1
614 2
2084 1
1948 2
967 2
1219 2
1692 1
3452 1
2371 1
1116 2
69 2
1400 2
3240 1
331 2
2690 1
2195 2
185 2
1364 1
925 2
448 2
1008 1
3146 1
88 1
3439 1
244 1
2029 1
2146 2
855 2
656 2
2118 2
1129 1
921 2
1749 1
1986 2
2355 1
2614 1
570 2
3431 1
2281 2
1881 1
1789 2
1582 2
181 2
2677 2
2776 1
3189 2
3185 2
485 1
2064 2
2366 1
1782 2
3133 1
2349 2
3488 1
3076 1
2680 1
2458 2
810 2
1106 1
764 1
1722 2
1551 1
2070 1
208 2
165 1
14 1
1169 1
2200 2
942 2
3302 1
1459 2
2875 2
2671 2
1887 1
2096 2
1139 2
1762 2
3110 1
1538 2
2903 2
2670 2
1550 1
2224 2
2234 2
2381 1
2541 1
3512 1
1537 1
2438 1
2682 1
1300 2
3282 1
2211 2
1730 1
2747 1
1838 2
2218 2
2425 2
2203 1
1568 1
2457 2
2991 1
3144 1
79 2
1952 1
321 1
206 1
1776 2
415 1
1976 1
89 2
1231 2
1514 1
1877 1
1013 2
1839 2
2173 2
1094 2
669 2
2186 2
2072 2
107 2
2159 1
794 2
3506 1
1820 2
926 2
3101 1
262 1
848 1
220 2
3138 1
340 2
3201 1
2895 1
535 2
3029 2
2859 1
1393 2
465 1
2166 2
1479 2
2928 2
1065 2
3145 1
963 2
1261 1
610 2
2907 1
2743 2
952 1
2430 1
2075 2
2788 1
1717 2
371 1
2842 1
2442 1
1771 1
3411 1
2108 1
1859 1
138 1
43 2
1439 1
3241 1
765 1
22 2
2035 2
2253 1
150 1
2820 2
2501 1
1733 1
204 2
1660 2
3217 1
3209 2
1323 2
3336 1
791 1
871 2
3365 1
1574 1
1519 2
2079 1
2973 1
2734 2
1356 2
2986 1
1152 1
890 1
1592 2
1217 1
3457 1
3052 1
1662 2
1127 1
1275 1
3376 2
2831 1
642 1
1253 2
859 2
1042 2
736 1
3154 2
86 1
2550 1
3102 1
959 2
362 1
218 2
512 1
1645 2
1632 1
1026 2
2778 1
247 2
228 2
1378 2
2656 2
2653 2
2605 1
508 2
1497 2
2823 1
989 1
1818 1
998 2
1453 2
353 2
1669 2
158 2
3100 1
1299 2
760 2
40 2
2643 2
435 2
1709 1
2344 2
3141 1
3267 1
1320 2
3414 1
91 2
552 2
2102 2
246 1
313 2
2891 1
919 2
1805 1
2726 2
375 2
1994 2
1696 2
793 2
290 2
2027 1
621 1
509 2
444 2
466 1
418 2
2620 2
2339 2
1775 2
2707 2
2164 2
1404 2
1536 2
2960 1
1057 2
2945 1
933 2
2129 2
807 1
3087 1
1363 2
3211 1
1286 2
899 2
915 2
1787 1
1228 1
1791 1
1719 2
2992 2
2464 1
653 1
497 1
1125 2
223 1
1461 2
1316 2
2134 2
1455 2
2217 1
1547 2
1682 2
3514 2
580 2
1527 2
502 1
2483 1
3286 1
527 2
3122 1
3279 1
2642 2
24 1
3109 1
1469 1
2076 2
923 2
1996 2
300 2
724 1
1553 2
3263 1
3383 1
548 2
3405 1
537 2
3004 1
233 1
2089 2
1713 2
2968 1
3288 1
458 2
2916 2
1628 2
875 2
3501 1
3178 2
3399 1
2251 1
1246 1
1262 2
1946 2
2731 2
1902 2
2499 1
3025 1
2372 2
2761 1
740 2
1342 1
3470 1
935 1
1566 1
2283 1
2023 2
2237 2
2182 2
779 1
327 2
1249 2
1388 2
8 1
3130 1
856 1
2661 1
757 1
748 1
2106 2
1333 1
872 1
2046 2
1681 2
1993 1
1145 2
3258 1
3214 1
2131 2
3463 1
2015 2
1430 2
2479 2
3453 1
1434 2
916 2
235 2
1585 1
1992 2
1226 1
159 2
1077 2
837 2
999 1
1179 2
311 1
1160 2
2941 2
3216 1
2586 1
1921 1
1586 2
1269 1
1705 2
2958 1
2716 2
281 2
2080 1
1298 2
2359 1
144 1
2796 1
2955 1
3066 2
2993 1
2929 2
3416 2
3039 1
2797 1
1849 2
2512 2
1833 1
2315 2
106 2
3304 1
3070 1
3117 1
3418 2
343 1
1478 1
3054 1
1270 2
2722 1
473 2
373 1
1340 1
3294 1
1241 2
1080 2
2652 2
1184 2
272 1
2055 2
891 2
1589 2
323 2
423 1
1815 2
1097 2
2617 1
543 2
2092 1
1814 2
2278 1
1075 2
2674 2
1769 1
1539 2
1308 1
1674 2
2351 1
3114 1
1003 2
1794 1
2178 1
2213 2
1549 2
202 1
1823 2
882 1
2291 2
81 2
3480 1
2819 1
3459 1
583 2
1890 2
2094 2
1322 1
2510 2
2136 2
3233 1
1920 1
666 2
1233 2
3260 2
2179 2
3281 1
1240 1
829 1
3010 1
1618 2
1464 2
1482 1
566 1
1840 2
187 2
162 1
2762 2
3221 1
2010 1
720 2
1883 1
1956 2
1325 1
471 2
1178 2
2718 2
2198 2
988 2
888 1
553 1
287 2
1014 1
1861 2
193 2
2575 2
1283 1
3003 1
2496 2
1319 2
489 1
3212 1
1906 1
846 2
346 2
1869 2
1896 2
120 2
10 2
2241 2
3007 1
3136 1
3387 2
1289 1
3466 1
2567 1
102 2
1432 2
363 2
2009 2
962 1
3220 1
3341 1
623 1
2202 2
2564 1
1354 1
671 1
996 2
2845 2
995 2
578 2
898 2
1615 2
2452 1
361 1
2648 2
2280 1
178 1
2390 1
2433 1
2855 2
257 2
918 2
2709 2
1440 2
381 2
984 2
3517 1
1407 1
1845 2
1418 2
2128 1
463 2
1507 1
3078 1
126 2
3280 1
2181 2
3371 1
317 1
1835 1
2693 1
2421 2
2920 1
815 2
249 1
472 1
1732 2
1278 2
3171 2
325 1
496 2
2393 1
600 1
3481 1
2629 1
1218 2
337 2
2688 1
3497 2
1423 2
2142 2
2336 2
1238 2
3362 1
3273 1
2518 1
1504 2
887 2
3460 1
2538 2
134 1
2410 2
796 1
3115 1
1703 2
1612 2
716 2
2772 1
1212 1
2835 1
579 2
2067 2
1182 1
426 1
1932 2
2846 1
3049 2
3059 1
1813 2
2434 1
1739 2
721 1
1103 2
1015 1
2878 2
2753 2
2935 1
3511 2
840 2
1601 1
1338 1
590 2
101 2
681 2
551 1
1220 1
2006 2
2424 2
2673 1
1120 2
419 2
2866 2
541 1
140 2
2124 2
2554 2
441 2
1384 1
3305 1
1112 2
2343 1
2431 1
2399 1
2720 1
1101 1
1466 1
60 2
2212 2
1743 2
2022 1
1848 2
1606 2
1686 2
2335 1
1862 2
2894 1
750 2
1130 2
2733 1
3112 1
2246 1
878 1
2087 1
1345 1
492 2
261 2
2415 1
245 2
2324 2
2837 1
1934 1
449 2
2069 2
1266 1
3243 2
2758 2
2074 2
2411 2
3042 1
1793 2
2532 1
1602 2
2500 2
242 1
1492 2
1216 2
2329 2
3493 1
2244 2
1071 1
1600 2
1867 2
622 1
1215 2
104 2
3412 1
523 1
3064 2
1679 1
2822 2
3255 1
683 1
2615 2
1449 1
2736 2
2053 1
3523 1
2898 2
1448 2
3450 1
2583 1
2417 1
2162 2
1223 2
3156 2
3303 1
2239 2
2523 2
263 2
2917 2
1310 2
772 1
2036 2
1647 1
849 2
452 2
685 2
1588 1
806 2
409 2
2502 2
1860 2
1332 1
2277 1
2332 1
2749 1
734 2
1334 1
1876 1
2364 1
1166 2
2763 1
1473 1
2699 1
1472 2
486 1
1865 2
3095 1
1140 2
3472 1
3521 1
990 2
2559 1
498 1
391 1
1093 1
2514 1
2165 2
609 2
3036 1
413 1
2766 2
773 2
3524 2
1132 2
3047 1
1635 2
516 2
2341 2
1753 2
2581 1
1066 2
868 2
3196 2
1844 1
922 2
2715 2
1900 2
3300 1
334 2
1109 2
499 2
1339 1
1680 2
3065 1
771 1
3366 1
3465 1
84 2
1522 2
870 2
865 2
270 1
572 2
1211 2
1090 1
2533 1
1311 2
3388 1
2947 1
3385 1
1348 2
1282 2
157 1
2358 1
1641 2
905 1
3175 1
1032 2
83 2
1620 2
2825 1
1055 2
1344 1
3274 1
481 1
284 1
1936 2
3060 1
1974 2
1760 1
1779 1
65 2
1978 2
36 2
1051 2
1619 2
41 2
3118 1
392 1
777 1
2803 2
1250 2
410 1
504 2
314 2
434 1
2432 1
2177 2
3351 1
1335 1
295 1
2354 1
2408 1
299 2
3334 1
3349 1
573 2
437 2
2651 1
1677 2
131 1
3519 1
186 2
474 1
1621 2
2369 1
2504 2
3091 1
1175 2
1031 2
2877 2
2612 2
478 1
2759 1
2353 1
2641 1
1572 1
1044 2
1768 2
13 1