1 2997 1
1 3271 2
1 1316 1
1 3068 2
1 2583 2
1 433 1
1 2077 1
1 2572 1
1 649 2
1 851 1
1 566 2
1 987 1
1 575 2
1 364 2
1 385 2
1 2593 1
1 572 2
1 1830 2
1 1316 1
1 1922 2
1 1162 1
1 2558 2
1 1510 2
1 1946 2
1 231 2
1 2643 2
1 3230 2
1 1895 1
1 2724 2
1 1318 1
1 2379 2
1 2529 2
1 2428 1
1 2562 2
1 489 2
1 1593 2
1 2357 1
1 2734 2
1 1853 2
2 2170 1
2 3258 1
2 3016 1
2 1978 2
2 2412 1
2 1370 2
2 3008 1
2 3001 1
2 2192 1
2 1491 1
2 2928 2
2 997 2
2 2450 2
2 2091 2
2 2875 1
2 2985 2
2 1229 2
2 701 2
2 2375 1
2 2178 1
2 2871 2
2 3004 1
2 88 1
2 169 2
2 842 1
2 1348 1
2 222 2
2 2448 2
2 1139 2
2 2372 1
2 1453 2
2 1253 2
2 2786 1
2 187 2
2 993 1
2 2028 2
2 2151 2
2 795 1
2 1935 1
2 3251 2
2 2704 1
2 1217 1
2 1592 1
2 1309 1
2 3207 1
2 2702 1
2 3179 1
2 198 2
2 1746 2
2 1851 2
2 1398 1
2 444 2
2 2082 2
2 2357 2
2 151 1
2 2697 1
2 2058 2
2 3043 1
3 2156 1
3 2976 2
3 3100 1
3 518 2
3 1575 1
3 1736 2
3 100 1
3 219 2
3 2108 1
3 2981 2
3 944 2
3 3233 2
3 3034 1
3 2941 2
3 757 2
3 1420 1
3 514 1
3 271 1
3 3194 2
3 95 1
3 43 1
3 2127 1
3 1961 1
3 2918 1
3 2200 2
3 1028 1
3 178 2
3 1530 1
3 1505 2
3 80 1
3 3047 2
3 350 2
3 38 1
3 999 2
3 1096 1
3 1804 1
3 3244 1
3 661 2
3 457 2
3 2354 2
3 3229 2
3 1049 1
3 2539 2
3 3027 2
3 1916 1
3 909 1
3 952 2
3 2262 2
3 127 2
3 2143 2
3 1883 1
3 639 2
3 1704 1
3 352 2
3 2676 1
3 135 2
3 408 2
3 1066 2
3 1660 2
3 1176 1
3 1862 1
3 2785 1
3 1582 2
3 1567 1
3 3111 1
3 1218 2
3 2293 1
3 2312 1
3 896 1
3 1206 2
3 910 2
3 1486 2
3 2791 1
3 2385 1
3 1789 1
3 1969 1
3 1955 1
3 3254 1
3 2316 2
3 2931 1
3 2402 1
3 1102 1
3 1226 1
3 2186 2
3 1014 1
3 2472 1
3 1974 1
3 2440 1
3 1068 1
3 2134 2
3 1524 2
3 1538 2
3 2063 1
3 46 1
3 223 2
3 3269 1
3 29 2
3 2048 1
3 2492 2
3 2078 1
3 1723 1
3 1623 1
3 2622 1
3 1948 1
3 217 2
3 1672 1
3 33 1
3 560 2
3 2033 2
3 3176 2
3 2169 1
3 3035 1
3 2182 1
3 614 1
3 3140 2
3 647 1
3 2929 1
3 691 1
3 2648 1
3 6 1
3 1923 1
3 2338 2
3 1652 2
3 2111 1
3 1474 1
3 2931 1
3 714 1
3 3166 2
3 3274 2
3 1197 2
3 2658 2
3 2270 2
3 2261 1
3 2901 2
3 364 2
3 2690 1
3 3221 1
3 1446 1
3 773 1
3 1061 1
3 129 2
3 2072 1
3 2631 1
3 981 2
3 738 1
3 1109 2
3 2504 1
3 1406 1
3 362 2
3 2882 2
3 934 1
3 406 2
3 1590 2
3 1038 2
3 2194 2
3 1905 1
3 2592 1
3 1438 1
3 2554 2
3 1976 2
3 2549 2
3 2318 1
3 601 1
3 2227 2
3 420 2
3 607 1
3 1675 2
3 1456 2
3 2815 2
3 116 2
3 548 2
3 2046 1
3 1346 2
3 3085 1
3 111 2
3 2332 1
3 2915 2
3 2675 1
3 230 2
3 2595 1
3 3222 1
3 3273 2
3 1566 2
3 1863 1
3 1957 2
3 368 2
3 1648 2
3 2191 1
3 432 2
3 17 2
3 2234 1
3 669 2
3 2470 2
3 3092 1
3 2623 1
3 2477 1
3 2861 1
3 1482 1
3 2132 2
3 105 2
3 2555 2
3 2955 2
3 2566 2
3 3201 2
3 892 2
3 812 1
3 2578 1
3 2980 1
3 1087 1
3 2644 1
3 107 1
3 240 2
3 1387 1
3 3195 2
3 941 1
3 1780 2
3 929 2
3 2244 2
3 2289 1
3 2138 2
3 3018 1
3 1538 2
3 422 2
3 233 1
3 1479 2
3 2081 2
3 1581 1
3 2352 2
3 1665 1
3 2638 1
3 2419 2
3 2244 1
3 2889 1
3 2801 1
3 3149 1
3 2722 1
3 2302 1
3 2055 1
3 170 2
3 2404 1
3 695 2
3 2348 1
3 1808 1
3 2731 1
5 2401 1
5 1490 1
5 1616 2
5 2950 1
5 2617 1
5 242 2
5 1765 2
5 2765 1
5 2283 2
5 1935 1
5 3248 2
5 2543 1
5 140 2
5 72 2
5 2905 2
5 1896 2
5 2466 2
5 1023 1
5 2489 1
5 1351 1
5 2828 2
5 2956 2
5 1226 1
5 1608 1
5 171 2
5 1256 1
5 3044 1
5 2009 1
5 1953 2
5 1444 1
5 12 2
6 1704 1
6 1030 1
6 469 2
6 1188 2
6 1747 2
6 434 2
6 2140 1
6 361 2
6 2437 1
6 1459 1
6 618 1
6 3079 2
6 2908 1
6 3178 2
6 2979 2
6 532 2
6 3200 1
6 3134 2
6 340 1
6 1139 2
6 398 2
6 1138 1
6 2394 2
6 83 1
6 1552 1
6 1652 2
6 3064 2
6 3094 2
6 2329 1
6 2231 1
6 2943 1
6 1388 1
6 550 1
6 2447 2
6 2877 2
6 1918 1
6 45 1
6 2953 2
6 1777 2
6 1937 1
6 2544 1
6 1383 2
6 1525 1
6 2401 1
6 2373 2
6 785 1
6 2581 2
7 224 2
7 698 1
7 3019 2
7 358 2
7 2561 2
7 899 2
7 2625 2
7 907 2
7 2545 1
7 1462 2
7 2177 1
7 1611 1
7 1708 1
7 2929 1
7 545 2
7 1618 1
7 2307 2
7 1986 1
7 274 1
7 2790 1
7 958 1
8 2314 2
8 1560 2
8 1144 1
8 3105 1
8 380 2
8 2705 1
8 1705 1
8 1129 1
8 913 1
8 276 1
8 2205 1
8 1622 1
8 979 1
8 373 2
9 2757 2
9 1787 2
9 1980 1
9 435 2
9 1098 1
9 1942 2
9 3177 2
9 1275 1
9 3026 2
9 983 2
9 685 2
9 383 2
9 1711 2
9 2118 1
9 2660 2
9 1850 2
9 2820 1
9 2319 2
9 2277 2
9 2493 1
9 1669 1
9 1462 2
9 2846 2
9 1986 1
9 253 2
9 1284 1
9 3205 1
9 412 2
9 2140 2
9 521 2
9 13 2
9 2447 2
9 1180 2
9 3081 2
9 425 2
9 2264 1
9 2958 1
9 1943 2
9 2983 2
9 189 2
9 416 2
9 382 2
9 437 1
9 3208 2
9 2683 2
9 2221 1
9 1871 2
9 2954 1
9 1934 2
9 129 2
9 1946 2
9 1886 1
9 74 2
9 1085 1
9 2226 2
9 3235 2
9 153 2
9 841 1
9 2227 2
9 976 2
9 1912 2
9 1510 2
9 1330 1
9 2903 2
9 1447 1
9 1027 1
9 3247 1
9 1507 2
9 1236 1
9 855 1
9 3039 2
9 2768 1
9 2091 2
9 2552 2
9 2503 2
9 2055 1
9 230 2
9 2572 1
9 2996 1
9 1149 2
9 1567 2
9 1453 2
9 2452 2
9 2818 2
9 614 1
9 1065 1
9 906 1
9 3181 1
9 2025 1
9 1355 1
9 3049 1
9 2420 1
9 1320 2
9 879 2
9 264 2
9 2583 2
9 651 2
9 2536 2
9 1785 2
9 346 2
9 525 2
9 1448 1
9 507 2
9 1372 1
9 1577 1
9 1331 1
9 607 1
9 219 2
9 1600 1
9 1809 1
9 2406 1
9 2732 1
9 1455 1
9 2858 1
9 603 1
9 1289 1
9 1235 1
9 565 2
9 931 2
10 1674 2
10 2613 1
10 3202 1
10 2775 1
10 93 2
10 2568 1
10 957 2
10 1536 2
10 3146 2
10 776 1
10 2954 1
10 715 2
10 3260 1
10 794 2
10 1873 2
10 1321 1
10 851 1
10 2264 2
10 984 2
10 2701 1
11 1527 2
11 1621 2
12 1589 1
12 1206 2
12 44 1
12 275 1
12 2851 1
12 2149 2
12 405 2
12 3111 1
12 344 1
12 2029 1
12 662 2
12 567 2
12 413 2
12 1221 1
12 3180 1
12 1090 2
12 1630 2
12 58 2
12 797 1
12 670 2
12 2880 2
12 2631 1
12 263 2
12 2603 2
12 1318 1
12 612 1
12 333 2
12 3043 1
12 3112 1
12 1358 2
12 2736 1
12 519 2
12 705 2
13 1598 2
13 690 2
13 1640 1
13 1300 2
13 1546 2
13 1795 2
13 1687 2
13 2378 2
13 728 2
13 796 1
13 3101 1
14 2003 2
14 2803 1
14 391 2
14 2730 2
14 738 1
14 2007 1
14 2491 2
14 372 2
14 911 2
14 1575 1
14 920 2
14 3142 1
14 2694 1
14 1836 2
14 2834 1
14 1478 1
14 317 2
16 1865 1
16 3030 1
16 895 1
17 789 1
18 2687 1
18 2812 1
18 543 2
18 1277 1
18 2522 1
18 1649 2
18 1192 2
18 1366 1
18 2831 2
18 184 2
18 2197 2
18 2369 1
18 918 2
18 48 2
18 386 2
18 1245 2
18 2583 2
18 2936 1
18 1023 1
18 2722 1
18 976 1
18 3157 1
18 840 2
18 990 1
18 1146 2
18 1330 1
18 2696 1
18 787 2
18 942 2
18 919 2
18 395 2
18 1012 2
18 1518 1
18 1470 2
18 1931 2
18 1149 1
18 78 1
18 1701 2
18 2383 1
18 2346 2
18 1905 1
18 1835 2
18 128 2
18 1828 1
18 1067 1
18 2065 1
18 418 1
18 1546 1
18 2231 1
18 2664 1
18 1388 2
18 1479 2
18 1584 1
18 349 1
18 712 2
18 3131 2
18 1787 2
18 1214 2
18 1710 1
18 1432 1
18 842 1
18 2187 1
18 745 1
18 2739 2
18 1263 1
18 242 2
18 2100 2
18 1394 1
18 2687 1
18 140 2
18 267 2
18 2652 2
18 444 1
18 1146 1
18 1083 1
18 665 2
18 1411 1
18 2492 2
18 2861 1
18 3084 1
18 1720 1
18 2472 2
18 157 2
18 3190 2
18 784 1
18 310 2
18 2275 2
18 3267 1
18 1231 1
18 2399 1
18 224 2
18 677 2
18 2293 2
18 679 2
18 3107 1
18 2940 1
18 419 2
18 2578 1
18 1626 2
18 1052 1
18 1148 1
18 1882 1
18 2745 1
18 2691 1
18 766 2
18 557 1
18 1081 1
18 92 2
18 2768 1
18 1718 1
18 996 2
18 1585 2
19 967 1
19 2999 1
19 2870 2
19 262 2
19 1619 2
20 70 2
20 1493 1
20 1871 1
20 933 2
20 2127 2
20 440 1
20 2067 1
20 2526 2
20 2271 1
20 1405 2
20 3001 1
20 2851 1
20 3139 1
20 2126 2
20 2037 1
20 525 2
20 2465 2
20 1312 1
20 872 1
20 572 2
20 2607 2
20 817 2
20 78 1
20 2359 2
20 2193 2
20 3005 1
20 3016 1
20 2133 1
20 584 2
20 663 2
20 292 1
20 675 2
20 1519 1
20 2878 1
20 2212 1
20 1018 1
21 1989 2
21 405 2
21 1872 2
21 2695 1
21 3233 2
21 2603 2
21 2162 1
21 758 2
21 50 2
21 2416 2
21 644 1
21 1286 1
21 3083 1
21 2546 2
21 2188 1
21 739 1
21 2530 2
21 3072 2
21 1844 2
21 446 2
21 1208 1
21 1996 2
21 298 2
21 2684 1
21 1495 1
21 1278 1
21 915 2
21 1406 1
21 2963 1
21 2788 1
21 1725 2
21 636 2
21 3066 2
21 2844 1
21 1731 2
21 1307 1
21 2291 2
22 2715 1
22 832 2
22 3189 1
22 903 2
22 1273 1
22 72 2
22 333 2
22 2706 1
22 1010 1
22 3159 1
22 740 1
22 2582 2
22 261 2
22 1192 2
22 1392 2
22 2475 1
22 828 2
22 416 2
22 63 2
22 1988 2
22 1404 1
22 1918 1
23 226 2
23 2158 1
23 688 2
23 1412 2
23 785 1
23 1301 2
23 245 2
23 767 2
23 2564 2
23 304 2
23 541 2
23 2391 2
23 3139 1
23 1317 2
23 2505 1
23 25 2
23 2229 2
23 1470 2
23 841 1
24 1762 2
24 772 1
25 2719 2
25 93 2
25 779 1
25 580 2
25 2567 1
25 122 2
25 2286 2
25 941 1
25 2252 2
25 1705 1
25 191 2
25 845 1
25 241 2
25 2686 1
25 1294 2
25 98 2
25 3198 2
25 2957 2
25 790 2
25 1078 1
25 978 2
25 1110 1
25 3254 1
25 2919 1
25 2252 2
25 2190 1
25 2690 1
25 965 2
25 2057 1
25 3018 1
25 1449 1
25 811 2
25 2157 2
25 1793 2
25 750 2
25 2540 1
25 607 1
25 2646 2
25 583 2
25 1097 1
25 681 2
25 3270 2
25 3115 2
25 130 2
25 3047 1
25 2080 2
25 1358 2
25 2671 2
25 940 1
25 2429 1
25 2254 1
25 1082 2
25 2906 1
25 2753 1
25 693 1
25 1537 2
25 3238 1
25 987 1
25 1075 1
25 2396 2
26 2200 2
26 643 2
26 90 1
26 225 2
26 1127 1
26 2059 1
26 3206 1
26 829 2
26 472 2
26 1711 1
26 1125 1
26 1339 2
26 366 1
26 2516 2
26 803 1
26 1122 2
26 409 2
26 1211 2
26 630 2
26 1437 1
26 2136 1
26 1579 1
26 2948 1
26 1984 1
26 1549 2
26 1220 2
26 1934 1
26 243 2
26 2289 2
26 1009 2
26 2027 2
26 1026 1
26 2477 1
26 3175 1
26 1941 2
26 2249 2
26 2523 1
26 3005 1
26 2092 1
26 2486 1
26 407 1
26 2847 2
26 2256 1
26 2113 2
26 1951 1
26 1502 2
26 2388 2
26 2732 1
26 1611 1
26 3057 2
26 694 2
26 747 2
26 2228 2
26 866 2
26 2959 1
26 2265 1
26 1861 2
26 1772 2
26 782 1
26 2329 1
26 523 1
26 920 1
26 674 1
26 1031 2
26 1530 2
26 1074 2
26 96 2
26 73 2
26 2292 1
26 191 2
26 844 2
26 1792 2
26 556 2
26 2669 2
26 1756 1
26 2376 1
26 2567 1
26 451 2
26 2635 2
26 3006 1
26 741 2
26 830 2
26 683 1
26 1770 1
26 1051 1
26 858 2
26 1483 1
26 1350 1
26 3004 1
26 1768 2
26 391 1
26 1715 1
26 3013 1
26 3113 1
26 2298 1
26 1740 1
26 1348 1
26 2469 1
26 1771 2
26 1304 2
26 2714 1
26 2297 2
26 100 2
26 833 2
26 902 1
26 306 2
26 739 1
26 491 1
26 1980 1
26 1142 1
26 2062 1
26 2349 1
26 315 2
26 2623 2
26 3068 2
26 312 2
26 1755 1
26 2643 2
26 876 2
26 2616 2
26 211 2
26 155 1
26 403 1
26 3207 1
26 1520 1
26 209 2
26 561 2
26 1936 1
26 2427 1
26 1521 1
26 231 2
26 2551 2
26 2674 2
26 2490 1
26 2971 1
26 1084 1
26 3147 1
26 2801 2
26 1131 1
26 1541 2
26 1608 1
26 1156 1
26 338 1
26 67 2
26 1633 1
26 1162 2
26 782 2
26 1718 1
26 2273 2
26 134 2
26 2651 2
26 3085 1
26 848 2
26 1763 1
26 2751 1
26 3186 2
26 2246 1
26 1596 1
26 2387 1
26 2206 1
26 326 1
26 2492 1
26 317 2
26 1938 2
27 379 2
27 271 1
27 1343 1
27 2060 1
27 905 2
27 1222 2
27 1545 2
27 1191 1
28 516 1
28 1449 1
28 1712 1
28 2283 2
28 2219 1
28 2646 2
28 2479 2
28 559 2
28 660 2
28 228 2
28 2655 1
28 1069 1
28 3140 2
28 508 1
28 528 2
28 1837 2
28 2407 2
28 448 2
28 3063 1
28 626 2
28 2997 1
28 1154 2
28 1262 2
28 257 2
28 2640 1
28 1313 1
28 2274 2
28 1767 1
28 118 2
28 2314 2
28 102 2
28 517 2
28 1293 2
28 485 2
28 1828 1
28 1551 1
28 988 1
28 3098 1
28 3175 1
28 1434 1
28 1564 1
28 2785 1
28 3230 2
28 3137 1
28 1175 1
28 1104 1
28 1913 2
28 179 2
28 1716 1
28 2015 1
28 776 1
28 3160 1
28 512 2
28 323 2
28 2487 1
28 2360 2
28 1997 2
28 3220 1
28 3065 1
28 52 2
28 2259 1
28 2951 2
28 943 2
28 3253 1
28 989 2
28 2828 2
28 1620 1
28 1702 1
28 266 2
28 166 2
28 1283 1
28 3158 1
28 1698 2
28 2323 2
28 296 2
28 605 1
28 680 2
28 1992 1
28 193 2
28 3269 2
28 3138 1
28 954 2
28 3048 1
28 3110 1
28 462 2
28 1093 2
28 194 2
28 2237 1
28 1213 1
28 663 2
28 686 2
28 1818 2
28 216 2
28 664 2
28 3260 1
28 2447 2
28 1902 2
28 3192 1
28 486 2
28 1981 1
28 1009 1
28 1500 2
28 2881 2
28 1396 2
28 416 2
28 1745 1
28 1959 2
28 1081 1
28 2405 1
28 714 1
28 948 1
28 858 1
28 2155 2
28 355 2
28 735 2
28 2113 2
28 1973 1
28 1833 1
28 1748 2
28 1872 2
28 480 2
28 2045 1
28 162 2
28 2480 2
28 1697 1
28 928 2
28 2464 2
28 1015 1
28 2461 1
28 2925 2
28 2048 1
28 2773 1
28 2153 1
28 976 2
28 215 2
28 898 1
28 744 2
28 2490 1
28 1054 2
28 381 2
28 2453 2
28 2012 1
28 313 2
28 2478 1
28 182 2
28 1284 1
28 1698 2
28 1844 2
28 1550 2
28 497 2
28 141 2
28 1553 2
28 1432 1
28 3028 2
28 1402 1
28 1894 2
28 3116 1
28 118 2
28 1771 2
28 2630 1
28 449 1
28 196 2
28 536 2
28 893 2
28 1724 2
28 2941 2
28 1558 2
28 1864 1
28 1970 2
28 293 2
28 2388 2
28 1198 1
28 3052 2
28 2346 2
28 1762 2
28 2255 1
28 3214 2
28 563 1
28 2503 1
28 2144 1
28 1072 2
28 2503 1
28 2042 1
28 938 2
28 623 1
28 923 2
28 1001 1
28 1362 1
28 1759 1
28 234 2
28 617 1
28 1388 1
28 2479 2
28 3217 2
28 829 2
28 483 2
28 1845 1
28 1491 1
28 3204 2
28 1736 2
28 2122 2
28 1433 1
28 3199 1
28 2695 1
28 1110 1
28 2839 2
28 2862 2
28 658 2
28 533 2
28 55 2
28 2961 1
28 2907 1
28 1979 2
28 1068 1
28 627 2
28 511 2
28 603 1
28 935 2
28 982 2
28 652 1
28 1908 1
28 3248 2
28 425 1
28 2330 2
28 2171 1
28 2587 1
28 1932 1
28 2698 1
28 722 2
28 861 1
28 1036 1
28 2778 1
28 449 1
28 73 2
28 2367 1
28 1964 2
28 3055 2
28 1135 1
28 270 2
28 3058 1
28 32 2
28 1640 1
28 179 2
28 2392 2
29 2621 1
29 1339 1
29 513 2
29 2744 2
29 2546 2
29 2388 2
29 972 2
29 1233 1
29 200 2
29 1846 1
29 2639 2
29 1355 1
29 2764 1
29 1 2
29 3086 2
29 1477 1
29 3249 2
29 3161 1
29 3088 1
29 1236 1
29 611 1
29 1344 2
29 407 2
29 620 1
29 319 2
29 2168 1
29 2061 2
29 2722 1
29 1602 1
29 2810 2
29 1247 2
29 2918 1
29 1813 2
29 187 2
29 756 2
29 682 2
29 2393 2
29 2528 2
29 1352 1
29 935 2
29 1245 2
29 1196 2
29 3220 1
29 427 1
29 327 2
29 942 2
29 730 2
29 341 1
29 1735 2
29 2317 2
29 546 2
29 2969 2
29 40 2
29 2159 1
29 843 1
29 2308 2
29 181 2
29 1679 2
29 575 2
29 2664 2
29 916 2
29 1264 1
29 2341 1
29 206 2
29 435 2
29 59 2
29 2497 2
29 307 2
29 2539 1
29 466 2
29 2756 1
29 144 2
29 1975 2
29 3234 2
29 1110 1
29 2084 2
29 2570 1
29 81 2
29 2039 2
29 1260 2
29 1067 1
29 907 2
29 1398 1
29 3023 2
29 2577 2
29 3135 1
29 2379 2
29 1347 1
29 2998 1
29 856 1
29 888 1
29 2459 2
29 770 2
29 269 2
29 610 1
29 284 1
29 1356 2
29 3199 1
29 1155 1
29 2696 1
29 2574 1
29 1499 1
29 827 2
29 124 2
29 1192 2
29 133 2
29 122 2
29 310 2
29 879 1
29 3143 1
29 1198 1
29 2921 1
29 290 2
29 441 1
29 2116 1
29 2222 1
29 2351 2
29 2434 1
29 132 2
29 390 1
29 1357 2
29 2481 1
29 2282 1
29 2124 1
29 3003 1
29 1023 1
29 2462 2
29 1971 1
29 1453 2
29 509 2
29 2654 1
29 1904 2
29 3082 2
29 1130 2
29 1443 2
29 1960 2
29 2610 2
29 2079 2
29 1497 1
29 1502 2
29 985 1
29 2373 2
29 120 2
29 2619 1
29 2179 1
29 601 1
29 2176 2
29 1467 2
29 1183 1
29 3229 2
29 115 2
29 1714 1
29 2656 1
29 411 2
29 3109 1
29 1619 1
29 436 2
29 2977 1
29 1413 1
29 2457 1
29 929 2
29 2507 1
29 1181 1
29 2887 2
29 3236 2
29 1431 2
29 875 2
29 498 2
29 2744 2
29 2855 2
29 1010 1
29 173 2
29 2423 1
29 3236 2
29 2910 2
29 1753 1
29 3218 1
29 674 2
29 2249 2
29 2888 2
29 1341 1
29 2499 1
29 1503 2
29 51 2
29 3118 1
29 1442 2
29 1429 2
29 2092 1
29 1106 1
29 8 2
29 753 2
29 2417 1
29 2239 2
29 2611 2
29 1715 1
29 453 1
29 130 2
29 1523 2
29 1342 2
29 2180 1
29 2638 1
29 1972 1
29 1744 2
29 820 2
29 2086 1
29 597 2
29 707 2
29 1543 2
29 2371 1
29 1136 2
29 1269 2
29 3179 1
29 227 2
29 98 2
29 986 1
30 1058 2
30 2546 2
30 353 2
30 1825 2
31 2841 1
31 648 1
31 1676 1
31 2754 1
31 1620 1
31 708 1
31 751 2
31 2621 1
31 2520 1
31 2418 1
31 2548 2
31 1086 1
31 1557 2
31 1666 2
31 2137 1
31 2084 2
31 1757 1
31 248 2
31 1566 2
31 2556 2
31 2850 1
31 1474 1
31 120 2
31 2910 2
31 2040 1
31 1109 2
31 1642 1
31 712 2
31 280 1
31 2579 1
31 2890 1
31 928 2
31 1199 2
31 3117 1
31 3170 1
31 2006 1
31 964 2
31 748 1
31 893 2
31 845 1
31 1256 1
31 1706 1
31 1279 1
31 2284 1
31 1451 2
31 854 2
31 27 1
31 2275 1
31 1834 2
31 341 1
31 2317 1
31 3006 1
31 2797 1
31 1599 1
31 1906 2
31 3220 1
31 1590 2
31 2238 1
31 3026 1
31 2088 1
31 539 1
31 1693 1
31 615 1
31 631 2
31 2250 2
31 1185 1
31 2811 1
31 1353 1
31 3275 2
31 1374 1
31 1215 1
31 818 2
31 2845 1
31 797 1
31 2056 1
31 2675 1
31 2580 1
31 1466 1
31 2854 1
31 1871 2
31 1446 1
31 2220 1
31 743 1
32 1616 2
32 2124 1
33 1489 2
33 17 2
33 1501 2
33 1819 2
33 1020 2
33 2679 1
33 2269 2
33 169 2
33 687 1
33 305 2
34 2112 2
34 2306 1
34 889 1
34 2280 2
34 2852 1
34 3028 2
34 747 2
34 2208 1
34 869 2
34 1939 1
34 2886 1
34 2756 1
34 2726 1
34 2130 2
34 1692 1
34 772 1
34 1290 1
34 2748 1
34 269 1
34 2814 1
34 2612 1
34 3163 1
34 1139 1
34 1266 2
34 269 2
34 2285 1
34 207 2
34 376 2
34 2981 2
34 1261 2
34 247 2
34 468 2
34 2053 2
34 740 1
34 891 2
34 2116 1
34 734 2
34 37 1
34 2260 1
34 2622 1
34 2967 1
34 777 1
34 951 2
34 1667 2
34 1846 1
34 771 1
34 1779 1
34 2245 2
34 2782 1
34 271 1
34 1603 1
34 2671 2
34 2936 1
34 1563 2
34 1674 1
34 2258 1
34 2230 1
34 295 2
34 292 2
34 400 2
34 2832 1
34 1295 1
34 2361 1
34 1796 1
34 1124 1
34 226 2
34 2444 1
34 53 2
34 2802 2
34 44 1
34 3071 1
34 1814 1
34 852 1
36 1929 1
36 616 1
36 125 2
36 1536 2
36 1415 1
36 1347 1
36 2460 1
36 162 2
36 870 1
36 112 1
36 1884 1
36 1441 2
36 110 1
36 899 2
36 1168 1
36 1997 2
36 276 2
36 1213 1
36 1636 1
36 401 2
36 413 2
36 542 2
36 1413 2
36 2540 2
36 554 2
36 2230 2
36 1179 2
36 578 2
36 3223 1
36 70 2
36 913 1
36 2755 1
36 1950 2
36 1265 1
36 2331 1
36 2889 1
36 278 2
36 2751 2
36 1754 1
36 2792 1
36 1227 1
36 2310 1
36 2681 1
36 2008 2
36 835 1
36 1436 1
36 3061 1
36 862 1
36 2340 1
36 2938 2
36 1397 1
36 1272 2
36 325 2
36 1547 2
36 528 1
36 2215 1
36 1859 1
36 2485 2
36 2615 2
36 2818 2
36 834 1
36 393 2
36 1772 2
36 679 2
36 2575 2
36 468 2
36 606 2
36 1232 1
36 2837 1
36 1684 2
36 2105 2
36 3142 2
36 1743 1
36 1094 2
36 237 2
36 3168 2
36 1008 2
36 1444 1
36 111 2
36 315 2
36 1187 2
36 2114 1
36 566 2
36 1485 2
36 2610 1
36 3032 1
36 2050 2
36 775 2
36 1574 2
36 175 2
36 28 2
36 195 2
36 3005 1
36 545 2
36 2086 1
36 2865 2
36 672 2
36 1029 1
36 1123 1
36 592 2
36 1696 1
36 2637 1
36 1248 2
36 806 2
36 2097 1
36 2638 1
36 760 2
36 959 2
36 197 2
36 1244 2
36 857 1
36 1785 2
36 417 2
36 479 2
36 608 1
36 771 2
36 2004 2
36 3271 2
36 1367 1
36 2242 2
36 1381 2
36 2923 1
36 133 2
36 2144 1
36 2511 2
36 2249 2
36 2211 2
36 1153 2
36 2897 2
36 1615 2
36 1659 2
36 319 2
36 1240 1
36 2746 1
36 318 2
36 2529 2
36 2901 2
36 474 2
36 597 1
36 1914 2
36 656 2
36 3053 1
36 937 1
36 381 2
36 1007 2
36 167 2
36 2509 1
36 2967 1
36 3060 1
36 699 1
36 533 2
36 1833 1
36 1121 2
36 594 2
36 2033 2
36 2526 2
36 1085 1
36 2435 2
36 3053 1
36 2482 1
36 689 2
36 90 1
36 2796 2
37 2771 2
37 1948 2
37 284 2
37 211 2
37 1503 2
38 431 2
38 1458 2
38 2936 1
38 1111 2
38 952 2
38 2050 2
39 573 2
39 2741 1
39 1059 2
39 891 2
39 2956 2
39 1301 2
39 462 2
39 1116 1
39 2912 2
39 168 2
39 2279 1
39 1166 1
39 1972 1
39 1906 2
39 39 2
39 1802 1
39 1515 1
39 1097 1
39 37 2
39 2748 1
39 8 2
39 1799 1
39 34 1
39 2362 2
39 338 1
39 2054 2
39 3041 2
39 1890 1
39 3176 2
39 1003 1
39 2465 2
39 1540 1
39 2707 1
39 879 1
39 1041 1
39 260 2
39 472 2
39 2241 2
39 1467 2
39 1579 1
39 2580 1
39 3196 2
39 1368 2
39 1804 1
39 3202 1
39 2790 1
39 1242 2
39 2428 1
39 1984 1
39 1601 1
39 2014 2
39 1268 1
39 858 1
39 3003 2
39 1166 2
39 2333 1
39 1402 1
39 1482 1
39 2466 2
39 2010 1
39 2229 1
39 2769 1
39 2574 1
39 2006 1
39 3132 2
39 2145 2
39 2860 2
39 1211 2
39 1956 2
39 1174 1
39 2725 2
39 1140 2
39 579 2
39 1808 2
39 2740 1
39 2467 1
39 3259 2
39 2888 2
39 888 1
39 433 1
39 2224 1
39 1126 2
39 1304 2
39 2521 2
39 2927 2
39 1823 1
39 322 2
39 1978 2
39 1039 1
39 2421 2
39 1523 1
39 2914 1
39 1574 1
39 1883 1
39 2688 1
39 1688 1
39 2281 2
39 815 1
39 2632 2
39 1864 1
39 2813 2
39 931 2
39 1573 2
39 2263 2
39 891 2
39 1591 1
39 2612 1
39 513 1
39 1559 1
39 2830 2
39 2123 1
39 1314 1
39 1076 2
39 1244 2
39 1843 2
39 2351 2
39 690 2
39 2184 1
39 808 2
39 2001 2
39 1031 1
39 2859 1
39 2586 2
39 3257 2
39 1060 1
39 749 2
39 518 2
39 670 2
39 1747 2
39 3229 2
39 79 1
39 738 1
39 3099 1
39 2281 2
39 678 2
39 409 2
39 850 2
39 742 1
39 1008 2
39 924 1
39 1708 1
39 3103 2
39 1527 1
39 1059 2
39 344 1
39 2797 2
39 3039 2
39 2800 2
39 2676 1
39 54 2
39 638 2
39 465 2
39 2762 1
39 1029 1
40 126 2
40 50 2
40 589 2
40 1253 2
40 2626 1
40 778 2
40 2808 2
40 2864 2
40 3050 1
40 3010 2
40 877 2
40 3054 2
40 2496 1
40 177 2
40 2869 1
40 2191 1
40 2928 2
40 1391 2
40 273 2
40 337 1
40 3151 2
40 1623 1
40 761 2
40 2487 2
40 651 1
40 2183 1
40 1761 2
40 975 1
40 358 2
40 2384 1
40 2240 1
42 537 2
42 775 2
42 1624 1
42 2322 2
42 586 2
42 1926 1
42 117 2
42 1781 2
42 2984 1
42 2111 1
42 666 2
42 1961 1
42 2451 1
42 862 1
43 2905 2
43 2031 1
43 1498 1
43 523 2
43 830 2
43 2805 1
43 2271 1
43 1774 2
43 2226 2
43 196 2
43 2322 2
43 65 1
43 562 2
43 2281 2
43 2897 2
43 61 1
43 754 2
43 3044 1
43 1640 1
43 524 2
43 1681 2
43 1922 1
43 3038 2
43 2667 1
43 604 1
43 2013 2
43 2833 1
43 3109 1
43 2408 1
43 1129 2
44 947 2
44 1319 1
44 805 1
44 1025 1
44 1370 2
44 2213 1
44 171 2
44 411 2
44 2295 1
44 247 2
44 302 2
44 2061 2
44 692 1
44 3228 2
44 2803 1
44 1516 1
44 2011 1
44 3263 1
44 1428 2
44 2930 2
44 2901 2
44 1095 1
44 2908 1
44 629 2
44 2842 1
44 592 2
44 1730 2
44 2416 2
44 585 2
44 2735 1
44 1362 1
44 3239 1
44 1200 1
44 1733 1
44 2313 1
44 306 2
44 184 2
44 3073 1
44 1421 1
44 270 2
44 1170 1
44 2890 2
44 384 2
44 2264 1
44 117 2
44 2644 1
44 1164 2
44 1019 1
44 3014 2
44 2128 2
44 1437 1
44 2122 2
44 167 2
44 1588 2
44 93 2
44 2897 2
44 3051 1
44 275 1
44 2421 2
44 2091 1
44 1747 1
44 2326 2
44 2040 1
44 1827 1
44 960 1
44 1811 1
44 3033 1
44 2724 2
44 1264 1
44 2449 2
44 342 2
44 351 2
44 1281 1
44 1376 1
44 1712 1
44 173 2
44 2808 1
44 690 1
44 3156 1
44 3142 1
44 423 2
44 950 2
44 793 1
45 642 1
45 2601 2
45 2179 1
45 1503 2
45 684 2
45 859 1
45 64 1
45 1724 1
45 1390 1
45 2961 1
45 155 2
45 1451 2
45 2822 2
45 1061 1
45 967 1
45 1865 1
45 219 2
45 439 1
45 205 2
45 962 2
45 2176 2
45 3207 1
45 2209 1
45 1760 2
45 2695 1
45 2121 2
45 3204 2
45 2495 1
45 2856 2
45 295 2
45 3040 1
45 887 1
45 112 1
45 1222 1
45 2446 1
45 2618 1
45 1201 2
45 3183 2
45 2340 1
45 3189 1
45 1794 1
45 831 2
45 1127 1
45 2984 2
45 948 1
45 2093 1
45 213 2
45 2153 1
45 1994 2
45 2149 2
45 795 1
45 285 1
45 3141 2
45 2324 1
45 2217 1
45 1081 1
45 1806 1
45 2960 1
45 1369 1
45 367 2
45 1797 2
45 310 1
45 1382 1
45 1613 2
45 193 2
45 2498 2
45 817 2
45 1544 2
45 992 1
45 1576 1
45 2599 1
45 1926 1
45 1611 1
45 2350 2
45 2320 1
45 2946 2
45 646 1
45 763 2
45 1629 1
45 860 1
45 704 2
45 2855 1
45 973 1
45 2221 1
45 1617 2
45 2771 1
45 97 2
45 1102 1
45 1512 2
45 2791 1
45 1466 1
45 1777 2
45 414 1
45 3139 1
45 1078 1
45 596 2
45 753 2
45 1114 2
45 13 2
45 783 1
45 697 1
45 1856 1
45 2866 1
45 1912 2
45 1327 1
45 718 2
45 1998 2
45 847 1
45 2871 2
45 2062 2
45 1756 1
45 500 2
45 452 2
45 2568 2
45 538 2
45 2443 1
45 953 2
45 1662 2
45 599 2
45 859 1
45 3015 1
45 1325 1
45 1447 1
45 2228 2
45 3144 2
45 1800 2
45 2944 1
45 1959 2
45 2084 2
45 1904 2
45 1276 1
45 484 2
45 131 2
45 1935 1
45 483 2
45 1878 2
45 1027 1
45 909 1
45 2145 2
45 398 2
45 971 1
45 3125 1
45 156 2
45 3060 1
45 1778 2
45 1003 1
45 41 2
45 2441 1
45 1282 2
45 3015 1
45 2391 2
45 621 1
45 164 2
45 2564 2
45 932 1
45 1571 2
45 569 2
45 370 2
45 2040 1
45 1748 2
45 237 2
45 1394 1
45 2733 1
45 2220 2
45 2270 2
45 309 2
45 2868 1
45 2197 2
45 1558 2
45 3009 2
45 279 2
45 1766 1
45 974 1
45 2463 1
45 3263 1
45 936 1
45 1245 2
45 1809 1
45 2978 1
45 852 1
45 1722 1
45 1789 1
45 1826 1
45 460 2
45 1257 2
45 2433 1
45 2307 2
45 1255 2
45 43 1
45 1908 2
45 3221 1
45 742 1
45 2879 1
45 3195 2
45 30 2
45 1180 2
45 2060 1
45 2355 2
45 34 1
45 2048 1
45 1634 1
45 1575 1
45 1207 2
45 615 1
45 2243 2
45 1048 1
45 2867 1
45 855 1
45 76 1
45 1496 1
46 1228 1
46 3259 1
46 1392 2
46 249 2
46 1792 2
46 3114 1
46 2366 1
46 531 2
46 1612 2
46 2495 1
46 2825 2
46 2397 2
46 2112 2
46 2590 1
46 2553 2
46 3049 1
46 3271 2
46 2194 2
46 1009 2
46 430 2
46 534 2
46 1411 1
46 769 1
46 2643 2
46 30 2
46 2840 1
46 1889 2
46 16 2
46 1150 2
46 2981 2
46 1689 2
46 809 2
46 3163 1
46 2134 1
46 478 2
47 1780 1
47 1521 2
47 192 2
47 2094 1
47 1017 1
47 527 1
47 1741 1
47 1010 1
47 1615 2
47 2496 1
47 2395 2
47 1791 1
47 2673 2
47 2085 1
47 308 2
47 84 1
47 1218 2
47 345 2
47 1202 1
47 1517 2
47 1965 2
47 3205 2
47 3268 1
47 130 2
47 2547 1
47 2027 2
47 1137 1
47 509 2
48 1112 1
48 2511 1
48 112 1
48 2042 1
48 2984 2
48 2290 2
48 3226 2
48 961 1
49 439 1
49 2557 2
49 194 2
49 3070 1
49 2142 2
49 1384 1
49 261 1
49 707 2
49 1207 2
49 1733 1
49 2164 1
49 251 2
49 1727 2
49 2541 1
49 2899 2
49 1334 1
49 2531 1
49 192 2
49 2338 2
49 727 1
49 1644 1
49 2152 2
49 2798 2
49 1526 2
49 3012 2
49 2348 1
49 1195 1
49 176 2
49 2352 2
49 799 1
49 474 1
49 1490 2
49 1477 1
49 378 2
49 708 2
49 673 1
49 2012 1
49 1703 1
49 445 1
49 1967 1
49 1157 1
49 1271 1
49 3262 1
49 1156 1
49 2610 1
49 2411 2
49 238 2
49 2176 2
49 1533 1
49 2068 2
49 389 2
49 2147 2
49 705 2
49 2280 2
49 414 1
49 3173 2
49 995 2
49 1400 1
49 998 1
49 2128 2
49 2513 2
49 3241 2
49 1992 1
49 1874 1
49 3100 1
49 2401 1
49 2519 1
49 800 2
49 374 1
49 571 2
49 1859 2
49 2774 1
49 661 2
49 1903 1
49 1328 2
49 946 1
49 870 1
49 2977 1
49 2604 2
49 2923 1
49 1958 2
49 526 2
49 2058 2
49 1646 1
49 994 1
49 385 2
49 87 1
49 655 1
49 529 2
49 1150 2
49 675 2
49 632 2
49 1972 1
49 244 2
49 674 2
49 3129 1
49 1529 1
49 789 2
49 250 2
49 49 2
49 2849 2
49 378 2
49 1358 2
49 248 2
49 2534 1
49 1386 1
49 2886 2
49 1062 1
49 2899 2
49 248 2
49 1547 2
49 990 1
49 2173 1
49 1452 1
49 2065 1
49 429 2
49 2620 1
49 232 2
49 3025 1
49 598 2
49 1927 1
49 1219 1
49 56 1
49 3087 1
49 1585 2
49 481 2
49 228 2
49 151 2
49 2484 1
49 1021 1
49 2026 2
49 2626 1
49 1690 1
49 1562 2
49 2641 2
49 597 2
49 1957 2
49 2553 2
49 1741 1
49 1656 2
49 588 2
49 2887 2
49 387 2
49 2147 2
49 199 2
49 1829 2
49 2846 2
49 2095 2
49 1769 1
49 2045 1
49 1140 2
49 410 2
49 1336 1
49 3125 2
49 2083 1
49 2533 2
49 2518 2
50 494 2
50 1480 1
50 1993 1
50 1620 1
50 916 2
50 1596 1
50 497 2
50 1668 2
50 1079 1
50 1292 2
50 2335 2
50 2712 1
50 2439 2
50 1449 1
50 1497 1
50 949 1
50 1283 1
50 2398 1
50 1882 1
50 1169 1
50 3119 1
50 1257 2
50 519 2
50 2611 1
50 321 2
50 293 2
50 1514 2
50 1113 2
50 1393 1
50 2543 1
50 1670 2
50 1002 1
50 3106 1
50 2191 1
50 637 2
50 2451 2
50 571 2
50 2066 1
50 3189 1
50 2980 1
50 2653 1
50 1426 2
50 2177 1
50 2811 1
51 713 1
51 1151 1
51 521 2
51 701 2
51 233 2
51 2218 1
51 2356 2
51 2883 1
51 3145 1
51 1272 1
51 2713 2
51 939 1
51 2947 2
51 2110 1
51 606 2
51 1396 1
51 648 1
51 1308 1
51 2595 1
51 1838 2
51 557 2
51 1444 1
51 3034 1
51 886 2
51 1186 2
51 1131 1
51 2569 1
51 2629 1
51 669 1
51 2856 2
51 1518 1
51 985 1
51 844 1
51 213 2
51 549 2
51 2789 1
51 3 2
51 2974 2
51 3075 2
51 206 2
51 3120 2
51 2793 1
51 3258 1
51 1730 2
51 1933 1
51 1489 2
51 1758 1
51 53 2
51 2571 2
51 16 2
51 3055 2
51 1189 2
51 2202 2
51 1821 1
51 2259 1
51 2900 1
51 766 2
51 1149 1
51 1866 1
51 489 1
51 721 2
51 1407 1
51 3062 2
51 3086 1
51 142 1
51 2796 2
51 2645 2
51 185 2
51 835 1
51 324 2
51 2939 2
51 394 2
51 1359 1
51 1005 1
51 1161 1
51 2878 1
51 3169 1
51 1022 1
51 1355 1
51 3102 1
51 2184 1
51 1452 2
51 2514 1
51 2205 1
51 2163 2
51 268 2
51 628 2
51 1055 1
51 2731 2
51 1434 1
51 2409 1
51 3193 1
51 524 1
51 2064 2
51 1252 1
51 367 2
52 3042 1
52 2916 1
52 2099 1
52 3059 1
53 1607 1
53 1154 2
53 1905 1
53 2691 1
53 2787 1
53 940 1
53 2200 1
53 697 1
53 2524 1
53 3103 2
53 2566 2
53 722 2
53 3135 1
53 1616 2
53 1527 2
53 2582 2
53 1861 2
53 2723 2
53 838 2
53 1250 2
53 137 1
53 3199 1
53 1926 1
53 3149 1
53 2767 1
53 1879 1
53 1513 1
53 2294 1
53 2257 1
53 2827 2
53 1508 1
53 1813 2
53 2068 2
53 298 2
53 3261 2
53 2382 1
53 1500 2
53 1839 2
53 2948 1
53 1595 2
53 323 2
53 134 1
53 1455 1
53 252 2
53 770 2
53 363 2
53 2454 2
53 2132 2
53 896 2
53 1687 1
53 1394 1
53 3004 1
53 2766 2
53 131 1
53 2052 1
53 1580 1
53 2679 1
53 2608 1
53 147 1
54 780 2
54 1071 1
54 2103 1
54 2699 1
54 1686 1
54 2672 2
54 2666 2
54 1933 1
54 955 2
54 2743 1
54 47 2
54 1732 2
54 951 2
54 881 2
54 2276 2
54 1829 2
54 165 2
54 2405 1
54 551 1
54 468 2
54 1873 2
54 1835 2
54 502 2
54 2032 1
54 2440 2
54 1591 1
54 2430 1
54 1539 2
54 751 1
54 812 2
54 3024 2
54 3065 1
54 2864 2
54 2550 2
54 1416 2
54 1605 2
54 2993 2
54 2787 1
54 1835 2
54 2448 2
54 1840 2
54 253 2
54 1819 2
54 2939 2
54 2455 2
54 1598 2
54 836 1
54 825 2
54 1137 1
54 719 2
54 114 1
54 2721 2
54 1472 1
54 2429 1
54 2700 1
54 725 2
54 1454 2
54 1118 1
54 1443 2
54 2223 1
55 3089 1
55 2660 2
55 164 2
55 1361 1
55 2573 1
55 1518 1
55 2742 1
55 2395 2
55 1199 2
55 2430 1
55 763 2
56 3182 2
56 1360 2
56 1637 1
56 491 2
56 2263 2
56 2224 1
56 1185 1
57 1583 2
57 3201 1
57 2058 1
57 1860 1
57 1856 2
57 1574 1
57 1599 1
57 803 2
57 1314 2
58 2682 1
58 3264 1
58 1103 1
58 570 2
58 3090 2
58 1063 1
58 2735 1
58 781 1
58 3065 1
58 1147 1
58 431 2
58 1158 1
58 664 1
58 2651 1
58 846 1
58 3048 1
58 504 2
58 706 2
58 1683 1
58 1752 1
58 2196 1
58 2416 2
58 2369 1
58 2858 1
58 2166 1
58 2942 1
58 2286 2
58 1004 1
58 693 1
58 153 2
58 52 2
58 2909 2
58 2290 1
58 1612 1
58 1011 2
58 1797 1
58 3112 1
58 1191 1
58 581 2
58 1843 2
58 722 2
58 655 1
58 2244 2
58 894 1
58 1105 1
58 1602 1
58 4 2
58 1170 1
58 2772 1
58 2311 2
58 496 1
58 64 1
58 1158 1
58 3009 2
58 654 1
58 35 1
58 1076 1
58 2725 1
58 3058 1
58 747 2
58 1290 1
58 492 1
58 2293 1
58 2431 1
58 978 2
58 3052 2
58 3200 1
58 3154 1
58 903 1
58 641 2
58 1305 2
58 2057 1
58 53 2
58 969 1
58 2991 1
58 2924 1
58 30 1
58 2898 2
58 2762 1
58 1522 2
58 1782 2
58 85 1
58 683 2
59 2043 1
59 1080 1
60 1778 2
60 1249 1
60 2334 2
61 444 1
61 937 1
61 1628 2
61 1784 2
61 1207 2
61 176 2
61 3037 2
61 2868 1
61 918 1
61 2280 2
62 1671 2
62 771 2
62 2112 2
62 1764 1
62 626 2
62 1923 2
62 439 1
62 582 2
62 2502 2
62 506 1
62 788 2
62 178 1
62 9 2
62 1702 1
62 1805 1
62 3001 1
62 287 2
62 513 2
62 1915 2
62 1031 1
62 2213 1
62 1463 2
62 2829 2
62 2047 1
62 838 2
62 2630 1
62 160 2
62 2392 1
62 3035 1
62 2869 1
62 369 2
62 782 2
62 883 1
62 1097 1
62 1159 1
62 552 1
62 375 2
62 2921 1
62 311 2
62 2955 1
62 2333 2
62 1349 1
62 2384 1
62 1627 2
62 1743 1
62 1647 2
62 1068 1
62 1815 2
62 582 2
62 931 1
62 2711 1
62 50 2
62 2872 1
62 2545 1
62 679 2
62 3154 1
63 1664 1
64 813 1
64 1476 1
64 202 2
64 1024 1
64 822 1
64 1066 2
64 2589 2
64 863 2
64 1399 2
64 1834 2
64 730 2
64 1589 1
64 2736 1
64 3074 1
64 2090 2
64 2202 2
64 36 2
64 1046 1
64 749 2
64 6 2
64 2300 1
64 2761 1
64 2903 2
64 1053 1
64 600 2
64 2412 2
64 871 2
64 483 1
64 1351 1
64 2196 1
64 2818 2
64 1534 2
64 2541 1
64 2807 1
64 1037 2
64 873 2
64 2850 2
64 925 1
64 3173 2
64 460 2
64 45 1
64 2009 1
64 886 2
64 2593 1
64 994 1
64 302 2
64 184 2
64 2919 1
64 215 1
64 257 1
64 639 2
64 938 2
64 2399 1
64 787 2
64 1160 1
64 2523 1
64 16 2
64 19 2
64 641 2
64 2172 2
64 2304 1
64 1802 1
64 1826 1
64 1190 2
64 1341 2
64 1828 1
64 2385 1
64 687 1
64 2806 2
64 1016 1
64 743 1
64 1900 1
64 2327 1
64 719 2
64 2728 1
64 2720 2
64 2773 1
64 1418 1
64 796 2
64 58 2
64 211 2
64 2485 1
64 18 2
64 3166 2
64 485 2
64 94 2
64 1468 2
64 1199 2
64 2205 1
64 540 2
64 2650 2
64 3022 2
64 1641 1
64 954 1
64 1127 1
64 1371 2
64 1101 1
64 1669 1
64 345 2
64 1729 2
64 520 2
64 645 1
64 2715 1
64 26 2
64 1655 1
64 1051 1
64 304 1
64 837 2
64 666 2
64 2019 2
64 156 2
64 1735 1
64 1275 1
64 2236 1
64 1306 1
64 520 2
64 1045 1
64 3253 2
64 2735 1
64 2812 1
64 2197 2
64 1493 1
64 1393 1
64 1781 2
64 2859 1
64 1694 1
64 3053 1
64 2251 2
64 1531 1
64 816 2
64 1803 1
64 146 2
64 2704 1
64 287 2
64 3007 2
64 2107 2
64 2708 1
64 2857 2
64 251 2
64 1409 2
64 2821 2
66 399 2
66 2533 2
66 5 2
66 1460 1
66 3099 1
66 630 2
66 3201 2
66 1750 1
66 2467 1
66 548 2
66 1337 2
66 1328 2
67 2004 2
67 541 1
67 372 1
67 2098 1
68 2432 1
68 3242 2
68 1901 2
68 2182 2
68 2291 2
68 1555 1
68 2478 1
68 1603 2
68 1753 2
68 69 1
68 2049 2
68 141 1
68 1596 1
68 2684 1
68 713 2
69 2975 1
69 1302 2
69 1375 1
69 550 2
70 1229 2
70 2440 2
70 2930 2
70 1542 2
70 3084 2
70 1063 1
70 41 1
70 1254 2
70 2025 1
70 1247 2
70 1100 1
70 1066 1
70 2464 1
70 2624 1
70 2215 1
70 2427 1
70 1374 1
70 1818 1
70 2090 2
70 2312 1
70 2445 1
70 2510 1
70 1000 2
70 1776 2
70 21 2
70 3215 2
70 1088 1
70 536 2
70 2726 2
70 1494 1
70 773 1
70 2757 1
70 1337 2
70 294 2
70 1782 2
70 2771 1
70 807 1
70 2987 2
70 2884 1
71 1395 1
71 1957 2
71 413 2
71 3123 1
71 86 2
71 1202 2
71 106 2
72 3122 1
72 2057 1
72 1200 2
72 124 2
72 2563 2
72 1820 1
72 631 1
72 411 2
72 1744 2
72 152 2
72 1885 1
72 2247 1
72 1506 2
72 1074 2
72 2020 1
72 3064 1
72 1259 1
73 1364 2
73 817 2
73 2518 2
73 613 1
73 973 2
73 14 2
73 1377 2
73 45 2
73 2542 2
73 89 2
73 3253 1
73 1285 2
73 1064 1
73 1752 2
73 28 2
73 1849 2
73 1299 2
73 1379 2
73 2433 1
73 84 1
73 1424 1
73 2953 2
73 612 1
73 2162 1
73 2522 1
73 355 2
73 77 2
73 3237 2
73 2964 1
73 2844 1
73 2164 1
73 115 2
73 2922 1
73 100 2
73 588 2
73 2146 2
73 252 1
73 440 2
73 3152 2
73 869 2
73 246 2
73 2678 1
73 2883 1
73 1099 1
73 3129 1
73 919 2
73 696 1
73 2656 1
73 1303 2
73 2020 2
73 73 2
73 3136 1
73 2469 1
73 1698 2
73 397 2
73 2525 2
73 634 2
73 522 2
73 1888 2
73 718 2
73 991 2
73 821 1
73 1663 2
73 1852 1
73 2747 2
73 2327 2
73 1062 1
74 1153 2
74 1098 1
74 2970 2
74 3233 2
74 1637 1
74 917 2
74 952 2
74 200 2
74 1162 1
74 62 2
74 990 1
74 1854 2
74 2138 2
74 2367 1
74 1167 1
74 1656 2
74 2711 1
74 1800 1
74 1617 2
74 988 1
74 1684 2
74 1951 2
74 1258 2
74 964 2
74 3104 2
74 2978 1
74 1086 2
74 1982 1
74 1606 2
74 1788 2
74 2535 1
74 1532 1
74 2232 2
74 2792 1
74 1609 1
74 120 2
74 1882 1
74 2557 2
74 2759 1
74 2628 2
74 1018 1
74 2303 2
74 673 2
74 689 2
74 2241 2
74 568 2
74 3127 1
74 2272 1
74 2506 2
74 2585 1
74 2668 1
74 241 2
74 539 2
74 909 1
75 2173 1
75 2361 1
75 1325 1
75 3096 1
75 420 2
75 669 2
75 255 2
75 864 2
75 1548 1
75 2723 2
75 1415 1
75 2000 2
75 635 2
75 66 2
75 3150 1
75 456 2
75 1985 1
75 1423 1
75 2669 2
75 1757 1
75 1862 2
75 696 1
75 2893 2
75 320 2
75 43 1
75 2598 2
75 3191 1
75 1033 1
75 262 2
75 1572 2
75 159 2
75 2335 2
75 1777 2
75 235 2
75 1463 2
75 2852 1
75 3235 2
75 389 2
75 1790 2
75 748 1
75 2055 1
75 1635 1
75 3257 2
75 3074 1
75 925 2
75 3025 2
75 2167 1
75 2192 1
75 2410 2
75 1324 1
75 2036 2
75 178 2
75 3115 2
75 2885 1
75 2407 2
75 2879 1
75 2724 2
75 2773 1
75 1270 2
75 735 2
75 2461 1
75 239 2
75 1693 1
75 3274 2
75 507 1
75 974 1
75 2071 2
75 552 1
75 2454 2
75 3170 1
75 1461 1
75 844 2
75 1462 1
75 1459 1
75 784 1
75 1645 1
75 745 1
75 2168 1
75 2233 2
75 2783 1
75 1877 2
75 1894 2
75 2501 1
75 2825 2
75 2835 2
75 911 2
75 333 2
75 2994 1
75 2639 2
75 1014 1
75 1321 1
75 1148 1
75 1059 2
75 1310 1
75 197 1
75 1239 1
75 2060 1
75 744 2
75 1286 1
75 3212 2
75 2760 1
75 1427 1
75 1225 2
75 601 1
75 311 2
75 91 2
75 1295 1
75 797 1
75 343 2
75 2664 2
75 2269 2
75 2499 1
75 631 2
75 1523 2
75 461 2
75 1989 1
75 3128 1
75 383 2
75 1164 2
75 1157 1
75 2374 2
75 145 2
75 2131 1
75 1074 2
75 253 2
75 3240 1
75 1053 1
75 2419 2
75 2133 1
75 104 2
75 2208 1
75 3177 2
75 2804 2
75 1277 1
75 2680 1
75 2509 1
75 3223 2
75 2823 2
75 560 2
75 2746 1
75 1317 2
75 1379 1
75 134 2
75 441 1
75 1421 2
75 564 1
75 360 2
75 1323 1
75 1553 2
75 1461 1
75 1369 1
75 2739 2
75 19 2
75 2700 1
75 800 2
75 246 2
75 2616 1
75 1047 2
75 2932 1
75 2647 2
75 277 1
75 1514 2
75 2781 2
75 2502 2
75 2662 1
75 1021 1
75 1124 2
75 2239 2
75 3244 1
75 1718 1
75 849 2
75 2276 2
75 1510 2
75 2702 1
75 3181 1
75 1042 1
75 392 2
75 2814 1
75 1669 1
75 2534 1
75 1175 2
75 710 1
75 3117 1
75 404 2
75 2470 2
75 407 2
75 2963 1
75 1652 2
75 2833 1
75 299 2
75 1928 1
75 619 1
75 2363 2
75 3273 2
75 2233 2
75 980 2
75 1592 1
75 2991 1
75 1719 2
76 1248 2
76 2874 1
76 450 1
76 903 2
76 532 2
76 1363 1
76 1617 2
76 593 2
76 2685 1
76 360 2
76 620 1
76 764 2
76 241 2
76 2170 2
76 10 2
76 81 2
76 1996 2
76 2208 1
76 1955 1
76 821 2
76 277 2
76 2756 1
76 1993 1
76 2563 2
76 1299 2
76 1133 2
76 2283 2
76 274 1
76 2372 1
76 1184 1
76 1243 1
76 1143 2
76 1975 2
76 1297 1
76 2172 1
76 3152 2
76 2371 1
77 2623 1
77 1269 2
78 335 1
78 763 2
78 750 2
78 132 2
78 190 2
78 1958 2
78 111 2
78 54 2
78 1874 2
78 1113 2
78 1414 1
78 1688 1
78 2342 1
78 22 2
78 520 2
78 1803 1
78 2257 1
78 1861 2
78 1697 1
78 1460 1
78 1678 2
78 1832 2
78 2353 2
78 1154 2
78 1312 1
78 2909 2
78 2815 2
78 3262 1
78 3070 1
78 568 2
78 2596 1
78 1227 1
78 759 2
78 63 2
78 2599 1
79 1920 2
79 2668 1
79 2741 1
79 1820 1
79 3249 2
79 2807 1
79 2537 1
79 1401 2
79 2414 2
79 1715 1
79 1108 1
79 2311 2
79 42 2
79 3213 2
79 2609 2
79 2372 1
79 2207 1
79 2438 1
79 2886 2
79 1930 2
79 215 2
79 425 1
79 1019 1
79 2995 1
79 1385 2
79 2294 2
79 663 2
79 2460 1
79 1370 2
79 3067 2
79 1240 1
79 1850 2
79 2705 1
79 995 2
79 2571 2
79 642 1
79 477 2
79 1700 1
79 1763 1
79 892 2
79 291 2
79 1685 2
79 2028 2
79 1315 2
79 208 2
79 555 1
79 2693 1
79 1815 2
79 826 1
79 1086 1
79 1783 2
79 1937 1
79 2609 1
79 1016 2
79 395 2
79 3231 2
79 2185 1
79 2282 1
79 1921 1
79 2203 2
79 1410 2
79 1653 1
79 842 1
79 2471 1
79 1117 1
79 1688 1
79 685 2
79 535 2
79 1224 2
79 724 1
79 191 2
79 3241 2
79 210 2
79 2913 1
79 1749 1
79 216 2
79 2545 1
79 456 2
79 1796 2
79 2139 1
79 238 2
79 2508 2
79 2561 2
79 711 2
79 2449 2
79 1332 1
79 3245 1
79 1792 2
79 2999 1
79 668 1
79 409 2
79 3078 1
79 3231 2
79 646 1
79 2864 2
79 2841 1
79 588 2
79 1265 1
79 449 1
79 2164 1
79 2755 2
79 1996 2
79 1395 2
79 1017 1
79 319 2
79 1753 2
79 2972 1
79 1968 2
79 3154 1
79 1895 1
79 2450 2
79 1668 2
79 138 2
79 2835 2
79 1015 1
79 608 1
79 3068 2
79 1726 1
79 2175 1
79 2094 1
79 877 2
79 561 2
79 2625 2
79 2018 1
79 926 2
79 2585 1
79 1333 1
79 2095 2
79 3258 1
79 512 2
79 2560 2
79 281 2
79 1594 1
79 55 2
79 1344 2
79 2141 1
79 1545 2
79 1877 2
79 2530 2
79 1927 1
79 1791 1
79 1204 1
79 1253 2
79 595 2
79 2285 2
79 2442 1
79 2317 2
79 2183 1
79 1911 2
79 624 2
79 1478 1
79 1728 2
79 1383 2
79 1374 1
79 1096 1
79 730 2
79 1497 1
79 1770 1
79 2658 2
79 382 2
79 2361 1
79 2246 1
79 2765 1
79 1480 1
79 3222 1
79 2 2
79 1313 1
79 138 2
79 1296 1
79 1824 2
79 188 1
79 1255 2
79 655 1
79 2426 1
79 2634 2
79 1719 2
79 737 1
79 2067 1
79 1832 2
79 15 2
79 2624 2
79 2931 1
79 2514 1
79 402 2
79 1889 2
79 183 2
79 1456 2
79 1728 2
79 2382 1
79 173 2
79 925 2
79 12 2
79 2640 2
79 1160 1
79 2915 2
79 1421 2
79 288 2
79 2779 1
79 3272 2
79 549 2
79 1346 2
79 2914 1
79 1417 1
79 2223 1
79 87 1
79 2473 1
79 2592 1
79 749 2
79 3057 2
79 282 1
79 2120 2
79 765 1
79 834 1
79 2140 1
79 2896 1
79 455 2
79 2799 2
79 534 2
79 1377 2
79 3232 2
79 960 1
79 155 2
79 2136 1
80 1580 1
80 1755 1
80 2299 1
80 79 1
81 1380 2
81 2514 1
81 294 1
81 700 1
81 642 1
81 2954 1
81 1563 2
81 653 2
81 521 2
81 135 2
81 2349 1
81 2174 1
81 2673 2
81 2760 1
81 2253 2
81 1078 1
81 2916 1
81 2699 1
81 1434 2
81 2976 2
81 1707 1
81 1586 2
81 1561 2
81 307 2
81 1916 1
81 794 2
81 1663 2
81 1516 1
81 1768 1
81 2272 1
81 2012 1
81 2662 1
81 1001 1
81 2882 2
81 583 2
81 2235 2
81 227 2
81 667 2
81 305 2
82 596 1
82 296 1
82 2966 1
82 2995 1
82 660 2
82 3012 1
82 2252 2
82 2556 2
82 254 2
82 627 1
82 578 1
82 1314 1
82 2135 1
82 2579 2
82 2589 1
82 1919 1
82 1293 2
82 1528 1
82 2648 1
82 1657 1
82 713 1
82 3182 2
82 843 2
82 2962 1
82 1656 1
82 286 1
82 1070 1
82 1665 1
82 3204 2
82 2422 1
82 1196 2
82 2406 1
82 128 1
82 593 2
82 2627 1
82 2073 1
82 1160 1
82 786 1
82 2863 1
82 3034 1
82 1401 1
82 2686 2
82 2855 2
82 2468 1
82 786 1
82 1896 2
82 158 2
82 1670 2
82 824 2
82 473 2
82 2277 2
82 1040 1
82 3172 1
82 2026 2
82 2129 2
82 1514 2
82 1766 1
82 811 2
82 506 1
82 3165 1
82 1152 1
82 3089 1
82 650 1
82 1897 1
82 863 2
82 2331 1
82 1507 2
82 61 2
82 1557 1
82 1218 2
82 3157 1
82 2342 2
82 1635 1
82 2368 1
82 1648 2
82 1166 1
82 2759 1
82 2800 2
82 1120 2
82 1578 1
82 880 1
82 503 1
82 1720 1
82 1158 2
82 1655 1
83 399 2
83 2772 1
83 450 1
83 2872 1
83 1571 2
83 1804 1
83 1931 2
83 329 2
83 1589 1
83 2524 2
83 2455 2
83 2535 1
83 2053 2
83 3144 2
83 113 2
83 1195 1
83 1971 1
83 1673 2
83 2512 2
83 85 1
83 2056 1
83 3104 2
83 421 2
83 2982 1
83 1768 1
83 580 2
83 2170 1
83 2836 1
83 3247 1
83 2368 1
83 3067 1
83 3216 2
83 515 2
83 2960 2
83 116 2
83 2571 1
83 1237 1
83 649 2
83 10 1
83 1077 1
83 268 2
83 2007 2
83 463 2
83 525 2
83 3011 1
83 2473 1
83 779 1
84 676 2
84 716 2
84 958 1
84 2659 1
84 1949 2
85 1734 2
85 57 2
85 36 2
85 153 2
85 1873 2
85 1446 1
85 2640 2
85 2602 1
85 2755 1
85 2784 1
85 181 2
85 2307 2
85 801 1
85 1386 1
86 2745 2
86 790 2
86 853 2
86 2109 2
86 1082 2
86 1034 1
86 973 1
86 1618 1
86 1870 2
86 2790 1
86 223 2
86 367 2
86 1686 1
86 2883 1
86 2520 2
86 1220 2
86 1735 2
86 2784 1
86 350 2
86 2567 1
86 110 1
87 941 1
87 1052 1
87 81 1
87 1354 2
87 49 2
87 3219 2
87 1362 1
87 99 2
87 2824 2
87 31 2
87 2036 1
87 3200 2
87 1105 1
87 1337 2
87 1425 2
88 297 1
88 3261 2
88 901 2
88 2425 1
88 824 1
88 3097 2
89 3188 1
89 2279 1
89 788 2
89 1914 2
89 668 2
89 1233 1
89 300 2
89 2657 1
89 711 2
89 90 1
89 1417 1
89 810 1
90 2166 1
90 2853 2
90 706 2
90 459 2
90 1130 2
90 2973 1
90 311 2
90 804 1
90 746 2
90 2207 1
90 2694 1
90 1824 2
90 1251 2
90 2324 2
90 1048 1
90 1488 2
90 1610 1
90 1662 2
90 313 2
90 465 2
90 885 2
90 2051 2
90 201 2
90 2770 1
90 1251 2
90 2524 2
90 83 1
90 2489 1
90 1675 1
90 2645 2
90 820 2
90 2708 1
90 3136 1
90 487 2
90 1499 1
90 1954 1
90 2116 1
90 389 2
90 3178 2
90 146 2
90 2570 1
90 336 1
90 3255 2
90 2475 1
90 1662 2
90 1928 1
90 2896 1
90 1414 1
90 2729 1
90 210 2
90 2985 2
90 2277 2
90 1213 1
90 1024 1
90 1892 1
90 1210 1
90 260 1
90 2 2
90 1302 2
90 286 1
90 2495 2
90 1156 1
90 3091 2
90 472 2
90 2070 1
90 1724 2
90 330 2
90 68 2
90 454 2
90 1949 2
90 872 2
90 544 2
90 2538 1
90 1171 2
90 2558 2
90 2835 2
90 1531 1
90 35 2
90 3138 2
90 3127 1
90 621 1
90 1327 1
90 906 1
90 2576 1
90 1134 2
91 2515 1
91 491 2
91 2287 2
91 2468 2
91 14 2
91 712 2
91 3007 2
91 147 2
91 148 2
91 52 2
91 4 2
91 1606 2
91 3046 2
91 930 1
91 2973 1
91 1821 1
91 3152 2
91 699 2
91 324 2
91 896 2
91 1821 1
91 1853 2
91 1999 2
91 492 2
91 1878 2
91 2732 1
91 2642 1
91 2763 2
91 3104 2
91 2328 2
91 1671 2
91 570 2
91 1709 1
91 2377 1
91 3219 2
91 3118 1
91 1120 2
91 1805 1
91 1371 2
91 809 1
91 2478 1
91 279 2
91 2539 2
91 2474 1
91 1756 1
91 2508 2
91 3218 1
91 2384 1
91 689 2
91 40 2
91 1056 1
91 1456 2
91 1539 2
91 1471 2
91 1000 2
91 3114 1
91 773 1
92 2284 2
92 456 2
92 2963 1
92 2757 1
92 1217 1
92 1699 2
92 958 1
92 337 1
92 414 2
92 1098 1
92 2306 2
92 2082 2
92 2911 2
92 1187 2
92 1653 2
92 1176 1
92 2330 2
92 3108 1
92 3049 1
92 317 2
92 983 2
92 788 2
92 1151 1
92 3159 1
92 2062 2
92 1006 1
92 1953 2
92 1513 1
92 1397 1
92 2203 2
92 2421 2
92 1104 1
92 1556 1
92 2703 1
92 387 2
92 2919 1
92 380 2
92 3080 2
92 2628 2
92 1658 2
92 494 2
92 1816 1
92 1165 2
92 482 1
92 1178 2
92 554 2
92 1092 2
92 1170 1
92 2522 1
92 734 2
92 2952 1
93 1680 2
93 3130 1
93 708 2
93 1950 2
93 3055 2
93 1773 1
93 3236 2
93 1521 2
93 259 2
93 980 2
93 996 2
93 2880 2
93 2554 2
93 2634 2
93 24 2
93 2471 1
93 32 2
93 2988 2
93 301 2
93 107 1
93 1372 1
93 1155 1
93 723 1
93 3106 1
93 2985 2
93 229 2
93 1545 2
93 1855 2
93 1649 1
93 2863 2
93 2362 2
93 471 2
93 1210 2
93 2298 2
93 2527 2
93 676 2
93 2752 2
93 396 2
93 2210 2
93 1376 1
93 816 2
93 125 2
93 866 2
94 1039 1
94 2885 1
94 1084 1
94 1030 1
95 204 1
95 2982 2
95 1538 2
95 1645 1
95 1817 2
95 2079 2
95 443 1
95 2811 1
95 1801 1
95 1845 1
95 1176 1
95 1209 2
95 334 1
96 1386 1
96 1728 1
96 1748 2
96 1628 2
96 2298 2
96 34 1
96 2986 2
97 893 2
97 2520 1
97 3251 2
97 2202 2
97 331 2
97 2838 1
97 2005 1
97 2423 1
97 924 1
97 2336 2
97 2605 2
97 1496 2
97 1220 2
97 368 2
97 1694 1
97 1929 1
97 2083 2
97 2037 1
97 347 2
97 1100 1
97 3197 2
97 79 1
97 2446 1
97 1549 2
97 105 2
97 2212 1
97 2321 1
97 3246 1
97 1627 2
97 860 1
97 2115 2
97 1246 2
97 2271 1
97 370 2
97 3045 1
97 3172 1
97 813 1
97 3027 2
97 2665 1
97 2001 2
97 3077 2
97 1308 1
97 2438 1
97 303 1
97 166 2
97 1378 1
97 1874 2
97 1975 1
97 2521 2
97 418 2
97 3085 1
97 2935 1
97 1481 2
98 717 2
98 3035 1
98 1319 1
98 774 1
98 2876 2
98 2969 2
98 1633 1
98 517 2
98 265 2
98 167 1
98 706 2
98 2044 2
98 1435 1
98 3094 1
98 1076 2
98 546 2
98 371 1
98 3011 2
98 149 2
98 2024 2
98 1007 2
98 2059 2
98 2228 2
98 2517 2
98 3032 1
98 1231 1
98 1013 2
98 1613 2
98 980 2
98 3002 1
98 85 1
98 1369 1
98 734 2
98 1034 1
98 2411 2
98 1723 2
98 1108 1
98 308 2
98 662 2
98 2103 1
98 1126 2
98 725 1
98 1729 1
98 408 2
98 1892 1
98 707 2
98 2021 1
98 2389 2
98 1143 2
98 434 2
98 1262 2
98 1892 1
98 1559 1
98 2553 2
98 2655 1
98 273 2
98 318 2
98 718 2
98 781 1
98 1348 1
98 995 2
98 2369 1
98 3225 2
98 2868 1
98 2441 1
98 2226 2
98 1646 1
98 1987 1
98 262 2
98 2920 1
98 2895 2
98 615 1
98 962 2
98 1710 1
98 1128 2
98 2711 1
98 2877 1
98 3264 1
98 2677 1
98 961 1
98 1511 1
98 682 2
98 2463 1
98 1406 1
98 3029 2
98 2328 2
98 3162 1
98 874 1
98 2912 2
98 1409 2
98 2054 2
98 822 1
98 2066 1
98 1720 1
98 3146 2
98 662 2
98 1939 1
98 1738 1
98 794 2
98 2848 2
98 2076 1
98 27 2
98 343 2
98 989 2
98 2413 2
98 1141 1
98 3167 1
98 2659 1
98 720 2
98 1277 1
98 1319 2
98 2070 1
98 1932 1
98 2364 1
98 2937 1
98 244 2
98 345 2
98 1181 2
98 1787 2
98 168 2
98 768 1
98 2831 2
98 625 1
98 24 2
98 977 1
98 680 2
98 1286 1
98 286 1
98 2768 1
98 2078 2
98 1583 2
98 1594 1
98 1880 1
98 406 2
98 727 1
98 67 2
98 1607 1
98 611 1
98 1857 2
98 1430 1
98 2275 2
98 1588 2
98 2827 2
98 1966 1
98 3057 2
98 544 2
98 2121 2
98 3193 1
98 1018 1
98 623 1
98 2154 1
98 2560 2
98 1825 2
98 56 2
98 2573 2
98 1053 2
98 2185 1
98 1289 1
98 2269 2
98 1847 1
98 2780 1
98 2309 1
98 1134 2
98 927 1
98 3150 1
98 878 2
98 1533 1
98 316 2
98 163 2
98 2730 2
98 2216 1
98 72 2
98 2347 1
98 904 1
98 628 2
98 2880 2
98 862 1
98 1928 1
98 2110 1
98 2169 1
98 560 2
98 2414 2
98 541 2
98 671 2
98 2163 1
98 152 2
98 2996 1
98 1867 1
98 1445 1
98 488 2
98 427 1
98 489 2
98 438 2
98 857 1
98 3209 1
98 331 2
98 1037 2
98 750 2
98 589 2
98 2181 1
98 1361 1
98 593 2
100 428 2
100 1375 1
100 361 2
101 2815 2
101 375 2
101 1547 2
101 878 2
101 942 2
101 1177 2
101 1360 2
101 2374 2
101 3037 2
101 3014 2
101 2318 1
101 1581 1
101 1291 2
101 2657 1
101 1165 2
101 2565 1
101 1712 1
101 1517 2
101 1333 1
101 2437 1
101 3054 2
101 2895 2
101 294 2
101 2234 1
101 285 1
101 704 2
101 1548 2
101 3197 2
101 1115 2
101 2301 1
101 2781 2
101 57 1
101 592 2
101 780 2
101 2206 1
101 1920 2
101 2101 2
101 2295 1
101 274 2
101 1942 2
101 2150 1
101 2602 2
101 1877 1
101 1345 1
101 567 2
101 39 2
101 1223 2
101 2370 1
101 3191 1
101 2381 1
101 627 2
101 1869 1
101 1290 1
101 699 2
101 2692 1
101 2262 1
101 35 2
101 868 1
101 861 1
101 442 2
101 1107 1
101 1642 1
101 2089 2
101 1057 1
101 1757 1
101 1532 1
101 805 1
101 2819 1
101 2473 2
101 873 2
101 981 2
101 2263 2
101 3231 2
101 1543 2
101 227 2
101 1396 2
101 2009 1
101 2932 2
101 2325 2
101 1537 2
101 1092 2
101 236 2
101 2532 1
101 2717 1
101 1907 2
101 1831 1
101 2988 2
101 1690 1
101 2527 2
101 1511 1
101 2870 2
101 702 2
101 3022 2
101 365 2
101 2537 1
101 1397 1
101 2704 1
101 74 1
101 1469 2
101 505 2
101 2494 2
101 148 2
101 1216 1
101 1073 1
101 503 1
101 514 1
101 2989 2
101 2834 1
101 634 2
101 992 1
101 1203 1
101 2608 1
101 1008 2
101 2573 2
101 1526 2
101 2830 2
101 875 2
101 533 2
101 496 2
101 850 2
101 1013 1
101 2412 2
101 1885 2
101 1899 2
101 1138 1
101 2959 1
101 86 2
101 1602 1
101 1133 2
101 383 2
101 2404 1
101 2973 1
101 1827 2
101 2462 2
101 505 2
101 1329 1
101 1549 2
101 2681 1
101 2024 2
101 475 2
101 494 2
101 1585 2
101 1900 2
101 2809 1
101 2731 2
101 2036 2
101 2661 1
101 1643 1
101 2210 2
101 175 2
101 2596 1
101 2558 2
101 505 2
101 1308 1
101 1488 2
101 604 1
101 1893 2
102 2647 1
102 2420 2
102 1738 1
102 930 1
102 1071 2
102 516 1
102 1399 2
102 2010 1
102 3012 2
102 2031 1
102 1243 2
102 2230 2
102 1537 1
102 553 1
102 1653 1
102 657 2
102 438 2
102 1667 2
102 1891 1
102 2225 1
102 2398 1
102 3155 1
102 1964 2
102 2097 2
102 1246 1
102 7 2
102 2652 1
102 1174 1
102 2649 1
102 1114 2
102 2837 2
102 366 2
102 1677 2
102 953 1
102 495 2
102 3092 2
102 2236 1
102 2781 2
102 3174 2
102 741 2
102 3017 2
102 1100 1
102 2836 1
102 1464 1
102 737 1
102 1952 1
102 2663 1
102 3250 1
102 335 1
102 2549 2
103 999 2
103 1636 1
103 2618 1
103 2748 1
103 2075 1
103 768 1
103 3047 1
103 469 2
103 2594 2
103 332 1
104 1340 2
105 529 1
105 3017 1
105 1855 2
105 1211 2
105 2500 2
105 526 2
105 1050 2
105 2900 1
105 2218 1
105 445 1
105 3135 1
105 2502 1
105 1155 2
105 183 2
105 1860 1
105 3020 2
105 2800 2
105 1087 1
105 2974 1
105 2436 2
105 1412 2
105 1043 1
105 353 2
105 1389 2
105 258 2
105 883 2
105 3252 2
105 2474 1
105 2081 1
105 2840 1
105 2460 1
105 2925 1
105 220 2
105 2198 2
105 2563 2
105 2825 2
105 102 2
105 2102 2
105 2817 2
105 1301 2
105 2967 1
105 1576 1
105 2934 2
105 2809 1
105 2187 2
105 2030 1
105 3227 2
105 1908 2
105 965 2
105 1032 1
105 2614 2
105 21 2
105 3076 2
105 2124 2
105 1121 2
105 1830 2
105 1186 2
105 2490 1
105 1742 1
105 388 1
105 1553 2
105 1734 2
105 2096 2
105 1876 2
105 2501 1
105 721 1
105 910 1
105 826 1
105 2368 1
105 650 1
105 3183 1
105 3237 2
105 998 1
105 2953 2
105 1439 2
105 937 1
105 1920 1
105 1316 1
105 702 1
105 1390 1
105 442 1
105 3145 1
105 2276 2
105 2266 1
105 1621 1
105 1639 1
105 573 2
105 2727 1
105 1981 1
105 136 2
105 3186 2
105 3073 1
105 3134 2
105 1410 2
105 1468 2
105 2709 2
105 3173 2
105 1502 2
105 3093 1
105 1219 1
105 1519 1
105 3269 1
105 464 2
105 65 1
105 3264 1
105 1869 1
105 349 2
105 369 2
105 735 2
105 1276 1
105 1190 2
105 9 2
105 800 2
105 3144 1
105 1305 2
105 91 2
105 2107 2
105 617 1
105 542 2
105 2652 1
105 3261 1
105 1054 2
105 3105 1
105 2599 1
105 2690 1
105 586 2
105 984 2
105 986 1
105 2338 2
105 544 2
105 1587 2
105 3270 2
105 2242 2
105 198 2
105 2877 1
105 325 2
105 1111 2
105 2505 1
105 1056 1
105 511 2
105 2940 1
105 264 2
105 212 2
105 659 2
105 1962 1
105 579 2
105 2415 2
105 2605 2
105 306 1
105 1632 1
105 477 2
105 2966 1
105 480 2
105 1714 1
105 61 2
105 657 2
105 1011 2
105 88 1
105 2653 1
105 522 2
105 873 2
105 1368 1
105 1493 1
105 2001 2
105 686 2
105 2930 2
105 1956 2
105 1945 2
105 2154 1
105 2168 1
105 2069 1
105 2409 2
105 1197 2
105 2972 1
105 460 2
105 2647 1
105 2637 1
105 667 2
105 2607 1
105 1418 1
105 11 2
105 1305 2
105 2015 1
105 2041 2
105 2849 2
105 1571 2
105 188 2
105 905 1
105 2898 2
105 1888 2
105 2924 1
105 1046 1
105 305 2
105 1203 1
105 3128 1
105 1601 1
105 945 1
105 2222 2
105 2313 1
105 1946 2
105 2929 1
106 1897 1
106 2926 2
106 1147 2
106 3249 2
106 997 2
106 177 2
106 719 2
106 307 2
106 1200 2
106 1163 2
106 2380 2
106 591 2
106 10 1
106 2971 1
106 1330 1
106 365 2
106 3205 1
106 2958 1
106 801 1
106 1194 1
106 2450 2
106 565 2
106 3093 2
106 1734 2
106 612 1
106 865 2
106 764 2
106 446 2
106 1694 1
106 214 2
106 2892 2
106 5 2
106 2907 1
106 1962 2
106 949 1
106 558 2
106 1887 1
106 3188 1
106 1771 2
106 235 2
106 1778 2
106 1413 1
106 478 2
106 860 1
106 1142 1
107 681 2
107 3101 1
107 1441 1
107 3121 2
107 1673 2
107 104 2
107 812 2
107 158 2
108 2843 1
108 1738 1
108 930 2
110 3094 1
110 1243 1
110 1921 2
110 2199 2
110 2990 2
110 1259 1
110 437 1
110 3080 2
110 853 1
110 1032 1
110 467 2
110 1918 1
110 370 2
110 2186 1
110 1820 1
110 1796 2
110 2840 1
110 3059 1
110 1221 1
110 2026 2
110 2195 2
110 3076 2
110 1924 1
110 1250 2
110 3027 2
110 2322 2
110 3272 2
110 109 1
110 2511 1
110 1743 1
110 1554 1
110 2959 1
110 1460 1
110 2325 2
110 476 2
110 2832 1
110 2555 2
110 2409 2
110 1593 1
110 2074 2
110 1474 1
110 177 2
110 996 2
110 1680 2
110 2204 2
110 3096 1
110 2376 1
110 326 2
110 1075 1
110 3000 2
110 1116 1
110 2023 1
110 924 1
110 1875 2
110 3030 2
110 628 2
110 502 2
110 2865 2
110 1431 2
110 402 2
110 123 2
110 447 1
110 2636 1
110 2871 2
110 959 2
110 2968 1
110 2654 1
110 2977 2
110 2518 2
110 1746 1
110 1579 1
110 2088 1
110 2964 1
110 2575 2
110 3000 2
110 2721 2
110 571 2
110 902 1
110 1699 1
110 2521 2
110 551 2
110 105 1
110 3097 2
110 2591 1
110 814 1
110 66 2
110 2588 1
110 346 2
110 2665 1
110 447 2
110 69 1
110 2817 2
110 1806 1
110 2577 2
110 1919 1
110 2636 1
110 781 1
110 2390 1
110 1612 1
110 1848 2
110 2962 1
110 2515 2
110 2041 2
110 856 1
110 1223 2
110 1114 2
110 466 2
110 3056 2
110 1774 2
110 1044 1
110 2390 2
110 476 2
110 1266 2
110 2363 1
110 2994 1
110 2759 1
110 222 2
110 1705 1
110 1915 1
110 1886 1
110 1933 1
110 2393 2
110 2677 1
110 2763 2
110 348 2
110 2267 1
110 2667 1
110 830 1
110 260 2
110 340 1
110 1584 2
110 654 1
110 2309 1
110 1054 1
110 2822 2
110 2587 1
110 3083 2
110 3025 2
110 2051 2
110 1183 1
110 350 2
110 1948 1
110 1152 1
110 576 2
110 1186 2
110 2336 1
110 2104 1
110 3016 1
110 481 2
110 1143 2
110 2729 1
110 611 1
110 189 2
110 1495 1
110 1788 2
110 2866 1
111 2417 2
111 847 1
111 552 2
111 1047 2
112 2117 1
112 80 1
112 1486 2
112 2449 2
112 691 1
112 3273 2
112 3038 2
112 1373 2
112 2668 1
112 2501 1
112 2321 1
112 48 2
112 2845 1
112 1516 1
112 1105 2
112 2745 1
112 1803 1
112 2585 1
112 3130 1
112 137 2
112 1099 2
112 2562 2
112 2021 1
112 2117 2
114 2683 1
114 209 2
114 1324 1
114 1371 1
114 2890 2
114 1435 2
114 1325 1
114 204 2
114 558 2
114 96 1
114 1962 1
114 3116 1
114 666 1
114 233 2
114 95 1
114 1131 1
114 2370 1
114 1526 1
114 1282 1
114 2710 1
114 968 1
114 1402 1
114 789 2
114 3117 1
114 2402 1
114 1968 2
114 2339 2
114 9 2
114 218 1
114 1782 2
114 2765 1
114 1107 1
114 3196 2
114 2720 1
114 104 2
114 1349 1
114 559 2
114 1582 1
114 3194 2
114 867 1
114 2934 2
114 1789 1
114 799 1
114 1576 1
114 1201 2
114 1638 2
114 944 1
114 2195 2
114 127 2
114 2045 1
114 1673 2
114 1079 1
114 2915 2
114 1625 1
114 1433 1
114 1864 1
115 1875 2
115 2853 1
115 2655 1
115 1380 2
115 2602 2
115 1696 1
115 490 2
115 2106 1
115 1272 1
115 497 2
116 2393 2
116 3184 1
116 129 2
116 1223 2
116 138 2
116 372 2
116 2872 2
116 2396 2
116 4 2
116 1624 1
116 1323 2
116 2968 1
116 1909 1
116 2151 2
116 843 2
116 1381 2
116 1038 2
116 2649 1
116 135 2
116 1235 1
116 1336 1
116 426 2
116 205 2
116 2713 2
116 1144 1
116 849 2
116 2625 2
116 2032 1
116 3109 2
116 1297 1
116 911 2
116 1120 2
116 1258 1
116 3071 1
116 82 2
116 799 1
116 2582 2
116 975 1
116 2793 2
116 2186 2
116 2234 1
116 2000 2
116 2970 2
116 605 2
116 3164 2
116 1248 2
116 225 2
116 20 2
116 1988 2
116 1631 1
116 3158 2
116 1784 1
116 1251 1
116 1300 2
116 14 2
116 2613 1
116 1332 1
116 1846 2
116 1808 2
116 2586 2
116 1182 2
116 83 1
116 3245 1
116 1012 2
116 2958 1
116 731 2
116 1953 2
116 2508 2
116 1132 2
116 92 2
116 564 2
116 3243 1
116 453 2
116 202 2
116 2297 2
116 2987 2
116 1048 1
116 758 2
116 304 2
116 1562 2
116 2685 2
116 2806 2
116 2927 2
117 1534 1
117 2703 1
117 2403 1
117 1539 2
117 1077 1
117 2470 1
117 2488 1
117 103 2
117 2284 2
117 647 2
117 106 1
117 2354 2
117 2139 1
117 1866 1
117 1561 2
117 282 1
117 2075 2
117 3153 1
117 3222 1
117 1118 1
117 2752 2
117 608 1
117 1484 2
117 109 1
117 3082 1
117 1731 2
118 321 1
118 189 2
118 312 1
118 357 2
118 2077 1
119 966 2
120 3072 1
120 378 2
120 1125 1
120 2550 2
120 342 2
120 1817 1
120 2928 2
120 451 2
120 2741 1
120 2709 2
120 1531 1
120 1751 1
120 1900 2
120 729 1
120 2587 1
120 948 1
120 2441 1
120 1816 1
120 1425 1
120 3112 1
120 3133 2
120 1854 2
120 250 2
120 1135 1
120 3069 1
120 2504 2
120 312 2
120 1997 2
120 2747 1
120 1 1
120 616 1
120 1274 1
120 1767 2
120 2708 1
120 1298 1
120 276 2
120 2866 1
120 11 2
120 2221 1
120 3256 2
120 478 2
120 2948 1
120 770 2
120 538 2
120 1385 1
120 2272 1
120 2753 1
120 339 1
120 823 1
120 2663 1
120 240 2
120 2543 1
120 2030 1
120 1384 1
120 1709 1
120 1169 1
120 2211 2
120 1153 1
120 3248 2
120 143 1
120 1357 1
120 1247 2
120 2764 1
120 1979 2
120 1092 1
120 452 2
120 3099 1
120 2399 1
120 431 2
120 1898 2
120 972 2
120 1657 1
120 1244 2
120 1373 1
120 1289 1
120 1364 2
120 1577 1
120 887 1
120 894 2
120 783 1
120 2829 2
120 2603 1
120 1661 2
121 1631 1
121 3000 1
121 1173 1
121 170 1
121 1411 1
121 640 1
121 2201 1
121 1107 1
121 96 2
121 2434 1
122 2439 2
122 1310 1
122 573 2
122 791 2
122 1194 1
122 1420 1
122 1940 1
123 1812 1
123 2895 1
123 3010 2
123 2576 1
123 1496 1
123 492 2
123 1035 1
123 1425 1
123 3110 1
123 163 2
123 381 1
123 1461 1
123 874 1
123 429 2
123 1457 2
123 900 2
123 256 2
123 2085 1
123 959 2
123 461 2
123 1848 1
123 3107 1
123 3210 2
123 3141 2
123 943 2
123 1336 1
123 1584 2
123 1856 2
123 1638 1
123 2274 2
123 3 2
123 529 2
123 2684 1
123 2862 2
123 640 1
123 2816 1
123 1762 2
123 2510 1
123 493 2
123 75 2
123 2209 1
123 430 2
123 968 1
123 1178 2
123 875 2
123 174 2
123 1586 2
123 2390 2
123 1960 2
123 635 2
123 1710 1
123 2516 2
123 1731 2
123 982 2
123 2105 2
123 102 2
123 2103 1
123 3241 2
123 2000 2
123 3010 2
123 3088 2
123 2210 2
123 1573 2
123 2826 2
123 1692 2
123 2187 1
123 1236 1
123 1695 2
123 415 2
123 2035 2
123 3018 1
123 3160 1
123 2740 2
123 946 2
123 1667 2
123 2149 2
123 3153 2
123 2017 1
123 2180 1
123 1203 1
123 2801 2
123 1322 1
123 62 2
123 289 2
123 390 2
123 1666 2
123 2717 1
123 1494 1
123 1810 1
123 2150 2
123 833 2
123 1077 1
123 1347 2
123 2389 2
123 2367 1
123 2337 2
123 1749 2
123 2995 1
123 1345 2
123 2182 1
123 477 2
123 476 2
123 664 2
123 308 2
123 487 2
123 3266 2
123 2479 1
123 736 2
123 1737 1
123 86 2
123 343 1
123 2942 1
123 798 1
123 2962 1
123 1529 1
123 2712 1
123 1338 2
123 1632 1
123 2403 1
123 1171 2
123 1648 2
123 2622 1
123 1897 1
123 2525 2
123 587 2
123 2192 1
123 2357 2
123 1317 2
123 1603 2
123 912 2
123 913 1
123 2405 1
123 2817 2
123 779 1
123 1372 1
123 180 1
123 2992 1
123 3242 1
123 1263 1
123 247 2
123 1898 2
123 1654 1
123 1619 1
123 2458 1
123 762 2
123 385 1
123 2327 2
123 1002 1
123 94 2
123 2443 1
123 1595 2
123 3208 2
123 2345 1
123 869 2
123 2633 2
123 598 2
123 1987 1
123 1492 1
123 1476 1
123 530 2
123 156 2
123 2783 1
123 2836 1
124 485 2
124 1853 2
124 632 2
124 415 2
124 1145 1
124 2680 1
124 2459 2
124 1119 1
124 2594 2
124 2927 2
124 614 1
124 2891 2
124 2375 2
124 1135 1
124 1136 2
124 745 1
124 760 2
124 1334 1
124 725 2
124 2614 1
124 1969 1
124 825 2
124 1294 2
124 927 1
124 359 2
124 3216 2
124 2350 2
124 363 2
124 2220 2
124 49 1
124 776 2
124 1408 2
124 2387 1
124 1050 1
124 3171 2
124 1006 1
124 2248 1
124 1447 1
124 1350 1
124 3167 2
124 1494 1
124 609 1
124 767 1
124 1338 2
124 1814 2
124 1831 1
124 1991 1
124 1593 2
124 3061 1
124 985 1
124 165 2
125 267 1
125 1262 2
126 764 1
126 384 2
126 2215 1
126 2118 1
126 1506 2
126 1147 2
126 1224 2
126 2789 1
126 970 2
126 1534 2
126 1633 2
126 2300 1
126 1671 2
126 3124 1
126 2278 1
126 368 2
126 2023 1
126 1445 1
126 1188 2
126 3257 2
126 975 1
126 2125 2
126 2288 1
126 3247 1
126 1225 2
126 2905 2
126 332 1
126 582 2
126 510 1
126 1208 1
126 3267 1
126 2945 2
126 555 1
126 2348 1
126 527 1
126 1215 1
126 3060 1
126 329 2
126 1292 1
126 398 2
126 716 2
126 2557 2
126 3217 2
126 249 1
126 2179 1
126 257 2
126 2378 1
126 2268 1
126 1091 1
126 1214 2
126 284 2
126 1891 1
126 2415 2
126 3095 2
126 3203 1
126 281 2
126 2379 2
126 2541 1
126 2341 1
126 904 1
126 2727 1
126 3007 2
126 2325 2
126 1994 2
126 2697 1
128 2600 1
128 242 2
128 1568 1
128 1554 1
128 2063 1
128 852 1
128 698 1
128 1785 2
128 47 2
128 737 1
128 1809 1
128 1699 1
128 1875 2
128 40 2
128 2282 2
128 2108 1
128 1202 1
128 1644 1
128 1265 1
128 263 2
128 77 2
128 1775 2
128 366 2
128 1146 1
128 1315 1
128 1273 1
128 357 2
128 2595 1
128 23 2
128 2243 2
128 870 1
128 694 2
128 902 1
128 424 2
128 160 2
128 605 2
128 1260 2
128 2806 1
128 567 2
128 726 1
128 2253 2
128 2686 1
128 3123 1
128 894 2
128 2990 2
128 1832 2
128 2676 1
128 1991 1
128 1884 1
128 884 2
128 765 1
128 1172 1
128 121 2
128 646 1
128 1961 1
128 327 2
128 1075 1
128 2114 1
128 998 1
128 1880 2
128 1991 1
128 792 2
128 3183 2
128 643 1
128 2484 2
128 159 2
128 434 1
128 954 1
128 798 1
128 2024 1
128 149 2
128 798 1
128 2576 1
128 1214 2
128 2364 1
128 2620 1
128 3013 1
128 1285 2
128 1569 1
128 2798 2
128 1870 2
128 1976 1
128 2105 1
128 723 1
128 2737 1
128 3211 1
128 455 2
128 466 2
128 97 2
128 172 2
128 1194 1
128 1028 2
128 2873 1
128 1947 2
128 1041 1
128 2011 1
128 2717 1
128 916 2
128 2944 2
128 3062 1
128 905 1
128 488 1
128 1279 1
128 2143 2
128 3081 2
128 759 2
128 2343 1
128 535 2
128 671 2
128 1982 1
128 570 2
128 1760 1
128 1754 1
128 1548 1
128 1309 1
128 499 2
128 2175 1
128 510 1
128 291 2
128 1486 1
128 897 1
128 2909 2
128 2589 1
128 569 1
128 376 2
128 2534 1
128 647 2
128 1865 1
128 3029 2
128 633 2
128 606 2
128 2121 2
128 3118 1
128 1287 1
128 559 2
128 2609 2
128 473 1
128 633 2
128 490 1
128 2086 1
128 1102 1
128 2180 1
128 3209 2
128 2320 1
128 2203 2
128 2038 1
128 2349 1
128 392 2
128 1335 1
128 394 2
128 861 1
128 1299 1
128 1623 1
128 1505 1
128 33 1
128 126 2
128 2373 2
128 2163 2
128 377 2
128 2600 2
128 1567 2
128 457 2
128 3137 1
128 2235 1
128 503 1
128 18 2
128 714 1
128 540 2
128 3023 2
128 1511 1
128 3098 1
128 868 1
128 2365 1
128 1432 1
128 2856 1
128 1924 1
128 1814 1
128 470 2
128 1281 2
128 727 1
128 1590 2
128 977 1
128 947 2
128 1379 1
128 1311 1
128 2014 1
128 1231 1
128 2597 1
128 386 1
128 2131 2
128 2236 1
128 238 2
128 2212 1
128 2516 1
128 1119 1
128 258 2
128 2206 1
129 2265 1
129 1322 1
129 2556 2
129 827 2
129 3215 2
129 3148 1
129 266 2
129 3198 2
129 1030 1
129 792 2
129 2476 1
129 1916 1
129 1233 1
129 188 2
129 493 2
129 2642 1
129 2555 1
129 2098 2
129 1788 2
129 2080 2
129 1249 2
129 777 1
129 2975 1
129 1651 2
129 1615 2
129 1132 1
129 2035 2
130 2968 1
130 2013 2
130 436 2
130 2141 1
130 1459 2
130 2154 1
130 659 2
130 3214 2
130 914 2
130 1824 2
130 1794 1
130 245 2
130 1909 1
131 3161 1
131 1967 1
131 3164 1
131 1020 1
131 3137 1
131 41 1
131 1535 2
131 1382 1
131 1921 1
131 939 1
131 784 1
131 3156 1
131 2341 1
131 268 2
131 890 2
131 2627 1
131 1727 2
131 2487 2
131 356 2
131 2736 1
131 1515 1
131 437 1
131 2458 1
131 600 2
131 732 1
131 2547 1
131 884 2
131 1353 1
131 2710 1
131 2782 1
131 2902 2
131 1346 2
131 2859 1
131 1224 2
131 1605 1
131 467 1
131 3064 1
131 2453 2
131 2130 2
131 2597 1
131 182 2
131 912 2
131 410 2
131 2680 1
131 46 1
131 2148 2
131 1365 1
131 1021 1
131 3254 1
131 2299 1
131 3087 1
131 3213 2
131 2050 2
131 2529 2
131 1702 1
131 2842 1
131 786 1
131 1033 1
131 1260 2
131 1390 1
131 2653 1
131 1848 1
131 1761 1
131 1812 1
131 1313 1
131 3048 1
131 2169 1
131 2046 1
131 388 2
131 1597 1
131 1858 2
131 78 1
131 33 1
131 1770 1
131 2082 1
131 2029 1
131 1651 2
131 1045 1
131 1423 2
131 454 2
131 208 2
131 774 1
131 2569 1
131 158 2
131 1775 2
131 2294 2
131 2646 1
131 2092 1
131 1204 1
131 1026 1
131 1806 1
131 1817 1
131 2287 2
131 1570 1
131 1509 1
131 402 2
131 2214 1
131 2641 2
131 400 1
131 3148 1
131 636 2
131 2852 1
131 2381 1
131 3058 1
131 2642 1
131 418 2
131 1550 2
131 2189 1
131 2881 2
131 596 2
131 656 2
131 1826 1
131 2559 1
131 2857 2
131 1913 2
131 2217 1
131 334 1
131 1111 2
131 1801 1
131 1065 1
131 676 2
131 2949 1
131 587 2
131 2591 1
131 1691 1
131 1188 2
131 1278 1
131 2034 1
131 2214 1
131 2064 2
131 2231 1
131 1069 1
131 993 1
131 2145 2
131 1112 2
131 1925 1
131 1083 1
131 289 1
131 2023 1
131 2774 1
131 243 1
131 900 2
131 2043 1
131 21 1
131 3151 2
131 2266 1
131 141 2
131 1426 2
131 895 1
131 124 2
131 1708 1
131 1966 1
131 1823 1
131 2699 1
131 1062 1
131 2016 1
131 359 2
131 2746 1
131 186 2
131 358 2
131 244 2
131 3056 2
131 1389 1
131 316 1
131 2445 2
131 579 2
131 2536 1
131 217 2
131 758 1
131 1333 1
131 1226 1
131 2565 1
131 1282 1
131 2586 2
131 1604 1
131 851 1
131 2702 1
131 2266 1
131 583 2
131 2874 1
131 400 2
131 1005 1
131 1141 1
131 1993 1
131 1501 1
131 1794 1
131 2326 1
131 1427 1
131 711 2
131 1487 2
131 2159 2
131 339 1
131 1141 1
131 1726 1
131 1609 1
131 2882 2
131 27 2
131 1409 2
131 1583 1
131 3116 1
131 2838 1
131 3114 1
131 1786 1
131 889 1
131 1085 1
131 507 1
131 1588 2
131 816 2
131 2494 2
131 639 1
131 1450 1
131 511 2
132 2701 1
132 2119 1
132 659 2
132 2455 2
132 1340 2
132 1129 1
133 1422 1
133 825 2
133 1125 1
133 1664 2
133 2260 1
133 1909 1
133 3092 2
133 2141 1
133 230 1
133 2706 1
133 762 2
133 700 1
133 2523 1
133 2718 2
133 1783 2
133 1508 1
133 314 2
133 1205 2
133 1440 2
133 1842 2
133 2274 2
133 2204 2
133 1638 1
133 2438 1
133 1760 2
133 901 1
133 868 1
133 703 2
133 1108 1
133 2400 2
133 2528 1
133 2174 1
133 2614 1
133 1142 1
133 3227 2
133 2758 1
133 1172 1
133 2938 2
133 3082 1
133 2155 2
133 2988 1
133 1626 2
133 581 2
133 2156 1
133 80 1
133 964 2
133 2656 1
133 309 2
133 2913 1
133 807 2
133 249 2
133 971 1
133 123 2
133 3042 2
133 3024 2
133 198 2
133 3095 2
133 1331 1
133 3206 1
133 335 1
133 232 1
133 2378 2
133 2548 2
133 1291 2
133 1883 1
133 1302 2
133 3096 2
133 2857 2
133 1344 2
133 2949 1
133 522 2
133 290 2
133 1517 2
133 1499 1
133 2970 2
133 1216 1
133 438 2
133 2725 2
133 2892 2
133 1697 1
133 2482 1
133 501 2
133 728 2
133 273 2
133 1967 1
133 1271 1
133 2114 1
133 1849 2
133 820 2
133 2422 1
133 2318 2
133 3078 1
133 845 1
133 540 2
133 1642 1
133 176 2
133 1279 1
133 1300 2
133 1025 1
133 602 1
133 1378 1
133 2430 1
133 318 2
133 1630 2
133 1644 1
134 252 2
134 769 1
134 3066 1
134 2315 2
134 2334 2
134 1423 1
134 2606 2
134 3193 1
134 348 2
134 1786 2
134 1568 1
134 934 1
134 1557 2
134 2038 1
134 1508 1
134 1373 1
134 2678 2
134 1 1
134 2288 2
134 1629 1
134 2710 1
134 2544 1
134 832 2
134 2804 2
134 2201 1
134 1343 2
134 1689 1
134 1880 2
134 645 2
134 574 1
134 863 2
134 3087 1
134 1205 2
134 2418 1
134 465 2
134 2016 1
134 3098 2
134 2403 1
134 3143 1
134 115 2
134 867 1
134 369 1
134 1363 2
134 63 2
134 65 2
134 1639 1
134 1483 2
134 2779 1
134 59 2
134 1438 2
134 824 2
134 1015 1
134 2444 1
134 2793 1
134 1793 2
134 2764 2
134 1761 1
134 2776 1
134 1565 2
134 2678 2
134 496 2
134 495 2
134 2217 1
134 2038 1
134 1168 1
134 2188 2
134 159 2
134 3147 1
134 2315 2
134 2442 1
134 558 2
134 2850 2
134 2917 1
134 622 1
134 426 1
134 323 1
134 3237 2
134 1326 2
134 3268 2
134 635 2
134 1536 2
134 956 2
134 426 1
134 569 2
134 1088 2
134 1940 2
134 1323 2
134 878 2
134 3021 1
134 2715 1
134 1925 1
134 2714 1
134 537 1
134 2183 2
134 2937 1
134 2075 2
134 2469 1
134 1478 1
134 1551 1
134 1281 1
134 1475 2
134 2139 1
134 488 2
134 531 2
134 2237 1
134 1955 1
134 2776 2
134 442 2
134 2032 1
134 1934 2
134 106 2
134 56 1
134 2022 1
134 239 2
134 226 2
134 2701 1
134 1618 1
134 3095 2
134 2224 2
134 2156 2
134 1714 1
134 2799 1
134 1064 1
134 458 1
134 3021 1
134 2537 2
134 42 2
134 143 2
134 2525 2
134 2005 1
134 2865 2
134 1387 1
134 475 2
134 1196 2
134 3184 2
134 2946 2
134 1057 2
135 1238 1
135 435 2
135 1966 1
135 637 2
135 142 2
135 838 1
135 2356 2
135 2750 1
135 404 1
135 1057 1
135 1123 1
135 2802 2
135 1180 2
135 2554 2
135 2728 1
135 2035 2
135 363 2
135 2944 1
135 2375 1
135 1041 1
135 2398 1
135 584 2
135 2329 1
135 618 1
135 965 2
135 464 2
135 1672 2
135 2077 1
135 1870 2
135 1689 2
135 2305 1
135 877 2
135 2617 1
135 1106 1
135 1512 2
135 997 2
135 1465 2
135 885 2
135 960 1
135 939 1
135 1758 1
135 1867 1
135 3121 2
135 2306 1
135 1783 2
135 3187 1
135 3188 1
135 296 2
135 2955 2
135 2132 2
135 2346 2
135 2943 1
135 1212 2
135 3235 2
135 1506 2
135 2330 2
135 2462 2
135 2034 1
135 2385 1
135 1973 1
135 2924 1
135 151 2
135 2370 1
135 1723 1
135 624 1
135 2823 2
135 3090 2
135 1791 1
135 321 2
135 2950 1
135 591 2
135 1384 1
135 2889 2
135 1455 1
135 2137 1
135 3131 1
135 753 2
135 2483 2
135 561 2
135 2466 2
135 218 2
135 2209 1
135 2839 2
135 2906 1
135 665 2
135 3127 1
135 882 1
135 3187 1
135 698 1
135 3212 2
135 1707 1
135 2165 2
135 983 2
135 2480 2
135 554 2
135 1799 2
135 688 2
135 2456 1
135 2189 1
135 2360 2
135 482 2
135 2207 1
135 1498 1
135 2085 1
135 2386 1
135 2945 2
135 2894 2
135 1841 2
135 303 2
135 486 2
135 681 2
135 2072 1
135 2059 2
135 1254 2
135 1525 1
135 137 2
135 1467 2
135 1851 2
135 1267 2
135 1932 1
135 1863 1
135 1613 2
135 2118 1
135 2315 2
135 1232 1
135 534 2
135 1083 1
135 140 2
135 3141 2
135 556 1
135 1376 1
135 2597 1
135 255 2
135 1733 1
135 1269 2
135 2108 1
135 168 2
135 729 1
135 203 2
135 2796 2
135 359 2
135 3224 2
135 1931 2
135 2876 2
135 193 2
135 295 2
135 585 2
135 293 2
135 2201 2
135 473 2
135 1311 1
135 1844 2
135 2842 1
135 1719 2
135 3033 2
135 1998 2
135 352 2
135 3041 2
135 1532 1
135 279 1
135 2232 2
135 2498 2
135 620 1
135 3090 2
135 1320 2
135 2875 1
135 1742 1
135 2777 1
135 2577 2
135 2619 2
135 1541 2
135 3113 1
135 278 2
135 2458 1
135 2624 2
135 2747 1
135 1049 1
135 1069 1
135 3210 2
135 672 2
135 254 2
135 1938 2
136 2519 1
137 1028 1
137 2960 2
137 1868 1
137 1763 1
137 2933 1
137 3020 2
137 1678 2
137 428 1
137 2106 1
137 1807 2
138 1042 1
138 2758 2
138 1645 2
138 1389 2
138 715 2
138 1232 1
138 149 2
138 362 2
138 836 1
138 2377 1
138 1103 1
138 2181 1
138 2552 2
138 1658 2
138 1307 1
138 677 2
138 2160 1
138 519 2
138 2544 1
138 1230 1
138 2242 2
138 2477 1
138 114 1
138 865 1
138 2863 2
138 2376 1
138 1036 1
138 1261 2
138 910 2
138 625 2
138 2617 1
138 340 1
138 1246 2
138 2709 2
138 915 1
138 2160 1
138 756 2
138 2352 2
138 1706 1
138 2858 1
138 1339 1
138 1838 1
138 3091 2
138 1259 1
138 2429 1
138 2902 2
138 1825 2
138 2017 1
138 2726 2
138 2380 1
138 3131 1
138 1410 2
138 1297 1
138 392 2
138 139 1
138 2727 1
138 926 2
138 751 1
138 2076 1
138 2413 2
138 2493 1
138 1306 1
138 1221 1
138 2041 2
138 2861 1
138 809 1
138 2665 1
138 2607 1
138 1634 1
138 1093 2
138 2371 1
138 3043 1
138 1654 1
138 371 2
138 1240 1
138 285 1
138 1999 2
138 886 1
138 2081 1
138 3275 2
138 432 1
138 741 2
138 1984 1
138 1161 1
138 720 1
138 2972 1
138 3210 2
138 1960 1
138 1661 2
138 1560 2
138 2494 2
138 2337 2
138 515 2
138 2135 1
138 1676 1
138 526 2
138 1329 1
138 1322 1
138 220 2
138 1852 1
138 543 1
138 2588 1
138 1287 1
138 2713 2
138 3165 1
138 2150 2
138 2513 2
138 2222 1
138 46 1
138 2876 2
138 1491 2
138 1437 1
138 966 2
138 818 2
138 1241 1
138 1721 2
138 1055 1
138 2530 2
138 565 2
138 1454 2
138 2551 1
138 3239 1
138 2615 2
138 991 2
138 1145 1
138 397 2
138 15 2
138 447 2
138 3150 1
138 2749 2
138 2718 2
138 2848 2
138 1487 2
138 1352 1
139 2532 1
139 694 2
139 1440 2
140 2679 2
140 1252 1
140 927 1
140 2386 1
140 258 2
140 2445 1
140 1128 2
140 1570 1
140 523 2
140 1424 1
141 2295 1
141 3061 1
141 2175 1
141 1178 1
141 1230 1
141 1124 2
141 2147 2
141 2966 1
141 1285 2
141 2246 1
141 3133 2
141 2344 1
141 37 2
141 3013 1
141 564 1
141 1354 2
141 2612 1
141 880 1
141 3102 1
141 1448 1
141 2750 1
141 1925 1
141 2641 1
141 1911 2
141 2089 2
141 3238 1
141 3120 2
141 2681 1
141 1647 2
141 724 1
141 24 2
141 2851 1
141 2453 2
141 769 1
141 2005 1
141 2651 2
141 901 1
141 619 1
141 182 2
142 62 1
142 190 2
143 887 1
143 815 1
144 3165 1
144 2355 1
144 2087 1
144 915 2
144 1303 2
144 726 1
144 1562 2
144 2565 1
144 2600 2
144 1315 1
144 1614 2
144 2332 2
144 2819 1
144 1287 2
144 1451 2
144 566 2
144 1837 2
144 1007 2
144 1563 2
144 1270 2
144 2767 1
144 2471 1
144 1365 1
144 2213 1
144 266 1
144 899 2
144 1668 2
144 556 2
144 1706 1
144 790 2
144 103 2
144 1876 2
144 2165 2
144 780 2
144 2884 1
144 2795 2
144 2884 1
144 1684 2
144 791 2
144 1217 1
144 283 2
144 1968 2
144 2989 2
144 1958 2
144 2411 2
144 1912 2
144 2628 2
144 1839 2
144 421 2
144 1002 1
144 1042 2
144 1392 2
144 1995 1
144 174 2
144 201 2
144 3240 1
144 1887 2
144 2943 1
144 1089 2
144 1988 2
144 471 2
144 2198 2
144 1765 1
144 731 2
144 3062 1
144 805 1
144 3215 2
144 2799 1
144 653 2
144 2028 2
144 354 2
144 1764 1
144 1807 2
144 3088 2
144 2826 2
144 1985 1
144 2816 1
144 3242 1
144 1238 1
144 553 1
144 828 2
144 356 2
144 2309 1
144 424 2
144 2645 2
144 2043 1
144 1641 1
144 757 2
144 2965 2
144 1987 1
144 2674 2
145 2635 1
145 2334 2
145 2581 2
145 1019 1
145 95 2
145 2102 2
145 866 2
145 553 1
145 1977 1
145 667 2
145 64 1
145 2431 1
145 1721 2
145 2598 2
145 1404 1
145 609 1
145 904 1
145 406 2
145 152 1
145 1587 1
145 1465 2
145 108 1
145 1716 1
145 1802 1
145 3119 1
145 1837 1
145 1944 2
145 1393 1
145 2254 1
145 1430 1
145 934 1
145 2812 1
145 2526 2
145 204 2
145 1845 1
145 1836 2
145 2891 2
145 2689 1
145 1080 1
145 235 2
145 1182 2
145 1241 1
145 2278 1
145 574 2
145 2333 2
145 1769 1
145 1947 2
145 2782 1
145 275 1
145 2997 1
145 422 2
145 180 2
145 956 2
145 1637 1
145 2821 1
145 2964 2
145 2109 2
145 1838 1
145 1090 2
145 2488 1
145 524 2
145 2766 2
145 940 1
145 3260 1
145 351 1
145 2066 1
145 3101 1
145 2456 1
145 720 2
145 3083 2
145 2693 2
145 2483 2
145 2161 1
145 356 2
145 994 2
145 1169 1
145 1458 2
145 2635 1
145 1352 1
145 1237 1
145 921 2
145 388 1
145 2659 1
145 2016 2
145 2980 1
145 882 1
145 417 2
146 3224 1
146 3037 2
146 154 2
146 239 1
147 922 2
147 2344 1
147 2805 1
147 2912 2
147 172 2
147 914 2
147 1994 2
147 1632 1
147 1082 2
147 2239 2
147 2694 1
147 221 2
147 793 2
147 839 1
147 127 2
147 1241 2
147 1095 1
147 2620 1
147 2435 2
147 2737 1
147 3079 2
147 2961 1
147 1840 2
147 1700 1
147 1295 1
147 2018 1
147 255 2
147 1578 1
147 1604 1
147 498 2
147 2729 1
147 1441 1
147 3003 1
147 463 2
147 1250 2
147 1468 2
147 2402 1
147 74 2
147 2528 1
147 458 2
147 1403 2
147 3019 2
147 291 2
147 3263 2
147 19 2
147 196 2
147 3045 1
147 1751 1
147 1481 2
147 752 1
147 1524 2
147 450 1
147 1263 1
147 3063 1
147 1552 1
147 591 2
147 26 2
147 1749 2
147 804 1
147 1721 2
147 1448 1
147 1044 1
147 3185 1
147 1682 2
147 836 1
147 12 2
147 716 2
147 1963 1
147 594 2
147 1488 2
147 2238 2
147 48 2
147 1660 2
147 84 1
147 531 2
147 2983 2
147 331 2
147 1893 2
147 1416 2
147 2389 2
147 3234 2
147 2123 1
148 3036 1
148 1044 1
148 3067 2
148 2301 1
150 98 2
150 695 1
150 643 2
150 1823 1
151 1167 1
151 2922 1
151 2893 2
151 1986 1
151 2474 1
151 1554 2
151 673 2
151 2433 1
151 1116 1
151 1122 2
151 3238 2
151 1660 2
151 918 2
152 69 1
152 2104 1
152 1995 2
152 2328 2
152 1291 2
152 568 1
152 810 1
152 2356 1
152 2245 2
152 328 2
153 1179 2
153 185 1
153 692 1
153 1904 2
153 484 2
153 2099 1
153 2166 1
153 1326 1
153 2347 2
153 671 2
153 1725 2
153 3172 1
153 3251 2
153 946 1
153 2486 1
153 2347 1
153 2296 2
153 3128 1
153 895 1
153 1963 1
153 2267 1
153 989 2
153 3074 1
153 1681 2
153 424 2
153 1288 1
153 723 1
153 2561 2
153 3192 1
153 1364 2
153 76 2
153 589 2
153 1655 2
153 953 2
153 3265 1
153 2128 2
154 15 2
154 3122 2
154 2666 2
154 3169 1
154 811 2
154 2728 1
154 3219 1
154 709 2
154 2316 1
154 302 2
154 2691 1
154 652 1
154 2248 1
154 1134 2
154 2698 1
154 3063 1
154 270 2
154 89 2
154 885 2
154 1205 2
154 2199 2
154 145 2
154 2080 2
154 280 1
154 2153 1
154 549 2
154 936 1
154 1106 1
154 2425 2
154 859 1
154 602 1
154 732 1
154 353 2
154 919 2
154 587 2
154 2331 2
154 3008 1
154 119 2
154 330 2
154 2689 1
154 1051 1
154 2302 2
154 2846 2
154 1915 1
154 2142 2
154 1209 2
154 2826 2
154 637 2
154 2358 1
154 510 1
154 170 2
154 136 2
154 947 2
154 2419 2
154 2750 1
154 3120 2
154 148 2
154 2320 1
154 2363 2
154 2397 2
154 3024 2
154 2798 2
154 1475 1
154 2911 2
154 772 1
154 807 2
154 486 2
154 2952 2
154 1227 1
154 194 2
154 2908 2
154 2894 2
154 1530 1
154 1664 2
154 2804 2
154 1128 2
154 1442 2
154 1359 1
154 1604 1
154 117 2
154 3226 2
154 1556 1
154 987 1
154 1255 1
154 793 1
154 2946 2
154 1989 1
154 2633 1
154 3138 1
154 1361 1
154 760 2
154 1807 2
154 2894 2
154 3133 2
154 574 2
154 1058 2
154 1040 1
154 2158 1
154 2070 1
154 3029 2
154 2256 1
154 908 1
154 881 2
154 190 2
154 829 2
154 1115 2
154 169 2
155 1529 2
155 757 2
155 1466 1
155 1598 2
156 403 2
156 2142 2
156 3226 2
156 2219 1
157 2387 1
157 908 1
157 1990 1
157 1471 2
157 955 2
157 3151 2
157 2829 2
157 2049 2
157 2692 1
157 2820 1
157 1328 2
157 633 2
157 2106 1
157 1834 2
157 1267 2
157 2630 1
157 2675 1
157 2945 2
157 3198 1
157 336 1
157 2247 1
157 609 1
157 1675 1
157 3140 2
157 2837 1
157 1790 2
157 2716 1
157 3252 2
157 408 2
157 1404 1
157 1095 1
157 2551 2
157 802 1
157 1161 1
157 161 2
157 3157 2
157 848 1
157 2814 1
157 1345 1
157 2838 1
157 542 2
157 2887 2
157 1979 2
157 1657 1
157 301 2
157 1868 1
157 54 1
157 220 1
158 1776 2
158 2775 2
158 2093 2
158 1435 2
158 3124 2
158 1485 2
158 610 1
158 1659 2
158 2920 1
159 92 2
159 3272 2
159 2991 1
159 563 1
159 2733 1
159 261 1
159 2304 2
159 1414 1
159 2279 1
159 2223 1
159 2129 2
159 1868 1
159 2432 1
159 1936 1
159 459 2
159 3045 1
159 2956 2
159 2240 2
159 139 2
159 1831 1
159 2507 1
159 344 1
159 2898 2
159 992 1
159 299 2
159 2054 1
159 1672 2
159 75 1
159 2807 1
159 2497 2
159 1436 1
159 2096 2
159 3075 2
159 401 2
159 602 1
159 427 1
159 3032 2
159 2493 1
159 2843 1
159 2979 2
159 2362 2
159 373 2
159 1566 2
159 2303 2
159 3162 2
159 1606 2
159 1533 2
159 39 2
159 1813 2
159 2323 2
159 42 2
159 1470 2
159 2188 1
159 3153 2
159 2951 2
159 1629 1
159 1859 2
159 2436 1
159 1773 1
159 2579 2
159 3232 2
159 1177 2
159 2193 2
159 3108 1
159 2737 1
159 1793 2
159 1677 2
159 185 2
159 585 2
159 1052 1
159 2971 1
159 290 2
159 2101 2
159 2848 2
159 1586 2
159 3 2
159 1412 2
159 733 1
159 7 2
159 876 2
159 2452 2
159 2903 2
159 1055 1
159 2986 2
159 1982 1
159 2467 1
159 774 1
159 1600 1
159 251 2
159 2716 1
159 2772 1
159 2418 1
159 547 2
159 1426 2
159 2131 2
159 3086 2
159 917 2
159 2481 1
159 341 1
159 2443 1
159 695 2
159 259 2
159 2670 1
159 203 2
159 180 2
159 2432 1
159 2816 2
159 1650 1
159 324 2
159 2491 2
159 2700 2
159 936 1
159 1011 2
159 3009 2
159 1464 2
159 839 2
159 3108 2
159 701 2
159 1274 1
159 1026 1
159 1476 2
159 1331 1
159 2594 2
159 767 2
159 108 2
159 3171 1
159 2310 1
159 3195 2
159 82 2
159 1193 2
159 3148 1
159 1687 1
159 2308 2
159 3100 1
159 1907 1
159 1963 1
159 2456 1
160 2031 1
160 683 1
160 374 1
160 1084 1
160 142 2
160 766 1
160 2413 1
160 1140 1
160 2366 1
160 1773 2
160 1682 1
161 2542 2
161 225 2
161 2353 2
161 157 2
161 988 1
161 1890 1
161 1136 2
161 1367 1
161 3186 1
161 1940 1
161 1512 2
161 1625 2
161 113 2
161 2549 1
161 538 2
161 1484 2
161 2738 1
161 2606 2
161 957 1
161 3038 2
161 1382 1
161 2158 1
161 3266 2
161 2354 2
161 1366 1
161 2683 1
161 2365 1
161 819 1
161 1754 1
161 580 2
161 1800 1
161 25 2
161 3054 2
161 546 1
161 470 2
161 721 2
161 754 2
161 629 2
161 1234 1
161 1296 1
161 2100 2
161 889 1
161 1949 2
161 2255 1
161 2018 1
162 2661 1
162 1608 1
162 32 2
162 2476 1
162 1910 2
162 1727 2
162 380 2
162 892 2
162 3021 1
162 778 2
162 819 1
162 121 2
162 347 2
162 1866 1
162 327 2
162 1544 2
162 1408 2
162 818 2
162 2506 2
162 272 1
162 657 1
162 2730 2
162 2990 1
162 1541 2
162 2011 1
162 736 2
162 2311 2
163 2904 1
163 2979 2
163 1238 1
163 2008 2
163 1385 2
163 1340 2
163 2415 2
163 451 2
163 1469 2
163 882 1
163 815 1
163 846 1
163 656 1
163 393 2
163 610 1
163 1479 2
163 1164 2
163 1686 1
163 1498 1
163 2195 2
163 3097 2
163 1065 1
163 259 2
163 970 1
163 1965 2
163 2167 1
163 634 2
163 87 1
163 2650 1
163 2854 1
163 2288 1
163 2437 1
163 2291 2
163 2074 2
163 2289 2
163 3267 1
163 1157 1
163 2517 2
163 504 2
163 640 1
163 1072 2
163 682 2
163 1659 2
163 387 2
163 3072 1
163 880 1
163 210 2
163 551 1
163 2779 1
163 1564 1
163 2687 1
163 243 2
163 2042 2
163 1990 2
163 338 1
163 2499 1
163 2608 1
163 1307 1
163 1442 1
164 1274 1
164 2692 1
164 2870 2
164 2626 1
165 761 2
165 1177 2
165 2130 2
165 3255 2
165 2874 2
165 2111 1
165 1716 1
165 1032 1
165 1163 2
165 199 2
165 101 2
165 1730 2
165 832 2
165 186 2
165 971 1
165 2819 2
165 2366 1
165 2650 2
165 2302 2
165 1090 2
165 1359 1
165 1810 2
165 2749 2
165 1338 2
165 236 2
165 1278 1
165 410 2
165 1215 1
165 3134 2
165 2786 2
166 2978 1
166 2957 2
166 1745 1
166 2888 1
166 1679 1
166 840 2
166 1417 1
166 2345 1
166 2752 2
166 150 2
166 68 1
166 1899 2
167 161 2
167 446 1
167 256 2
167 1772 1
167 1894 1
167 2917 1
167 1072 2
167 2099 1
167 2296 1
167 223 1
167 951 2
167 2809 1
167 665 2
167 1906 2
167 967 1
167 419 2
167 1884 1
167 2696 1
167 590 2
167 2604 2
167 3206 1
167 1774 2
167 1945 2
167 57 2
167 1368 2
167 1450 1
167 297 2
167 912 2
167 3132 2
167 1264 1
167 2860 2
167 648 1
167 412 1
167 1525 1
167 3044 1
167 161 2
167 1144 1
167 1695 2
167 2007 1
167 1060 2
167 1889 2
167 2214 1
167 2540 1
167 236 1
167 332 1
167 201 2
167 1801 1
167 923 2
167 1407 1
167 1016 2
167 2160 1
167 2137 1
167 1978 2
167 1903 1
167 1452 1
167 2847 2
167 932 1
167 2126 2
167 1283 1
167 1183 1
167 872 2
167 575 2
167 202 2
167 2568 2
167 2697 1
167 1047 1
167 2216 1
167 2827 2
167 864 2
167 1528 1
167 2096 1
167 1298 2
167 1391 2
167 3103 2
167 481 2
167 543 1
167 577 2
167 487 2
167 761 2
167 1599 1
167 584 2
167 1027 1
167 1858 2
167 1033 1
167 2422 1
167 1635 1
167 755 2
167 2823 1
167 2633 1
167 2515 2
167 3163 1
167 2254 1
167 1843 2
167 806 2
168 921 2
168 914 2
168 1830 2
168 2326 2
168 1422 1
168 1377 2
168 1296 1
168 1049 1
168 3081 2
168 2660 2
168 888 1
168 2358 1
168 2022 1
168 2705 1
168 2010 1
168 1419 2
168 1171 1
168 1558 2
168 3192 1
168 2777 1
168 2046 1
168 2301 1
168 393 2
168 2258 1
168 2321 1
168 692 2
168 199 2
168 978 2
168 1321 1
168 172 2
168 710 2
168 3191 1
168 755 2
168 1833 1
168 1973 1
168 3122 2
168 143 2
168 1375 1
168 1565 2
168 2662 1
168 1268 1
168 1847 2
168 1857 1
168 1234 1
168 703 2
168 1917 1
168 641 2
168 183 2
168 2743 1
168 1654 1
168 1187 1
168 2606 1
168 2810 2
168 1752 2
168 1678 2
168 2049 2
168 2410 2
168 955 2
168 2637 1
168 2707 1
168 2125 2
168 3073 1
168 746 2
168 1658 2
168 3175 1
168 1636 1
168 2261 2
168 2621 1
168 2069 1
168 3121 2
168 684 2
168 2319 2
168 101 2
168 314 2
168 1399 2
168 432 2
168 921 2
168 26 2
168 2022 1
168 906 1
168 506 1
168 97 2
168 539 2
168 1312 1
168 1089 2
168 2918 1
168 208 2
168 2763 2
168 2468 2
168 11 2
168 1050 1
168 2657 1
168 2165 1
168 2873 1
168 144 2
168 2914 1
168 289 2
168 2383 1
168 616 1
168 328 2
168 792 2
168 1457 2
168 2740 2
168 933 1
168 23 2
168 2071 2
168 1784 1
168 445 1
168 2308 2
168 2878 1
168 1858 2
168 1818 1
168 865 1
168 1860 1
168 854 2
168 2190 1
168 636 2
168 752 1
168 2564 1
168 2394 2
168 2849 2
168 3225 2
168 1983 1
168 205 2
168 1484 2
168 1740 1
168 401 2
168 963 2
168 2181 1
168 3071 1
168 961 1
168 1965 2
168 1209 2
168 1627 2
168 2689 1
168 922 2
168 2808 1
168 2019 2
168 2152 2
168 808 2
168 303 2
168 1126 2
168 1174 1
168 3155 1
168 1901 2
168 376 2
168 1649 2
168 1121 2
168 1024 1
168 2162 1
168 3124 1
168 3014 2
168 2424 1
168 2134 1
168 448 2
169 3180 1
169 765 1
169 2639 2
169 2037 1
169 2442 1
169 1252 2
169 2273 2
169 1661 2
169 2074 2
169 2743 1
169 2572 1
169 1622 1
169 2632 2
169 2364 1
169 2256 1
169 379 1
169 1767 2
169 2173 1
169 2590 1
169 3181 1
169 1198 1
169 2712 1
169 325 2
169 2115 2
169 1267 2
169 651 2
169 2025 1
169 2122 2
169 1878 2
169 1254 2
169 354 2
169 2590 1
169 1395 2
169 222 2
169 1983 1
169 224 2
169 1350 1
169 3149 1
169 982 2
169 1471 2
169 419 2
170 1383 1
171 1810 2
171 2381 1
171 2342 1
171 839 2
171 808 2
171 2417 1
171 301 2
171 841 1
171 254 2
171 1732 2
171 1798 2
171 2360 2
171 3252 2
171 2512 1
171 917 2
171 1473 1
171 3167 2
171 2093 1
171 2313 1
171 1230 1
171 298 2
171 2312 1
171 2189 1
172 1037 1
172 1060 2
172 3190 2
172 2227 2
172 2008 2
172 207 2
172 598 2
172 1631 2
172 2569 1
172 1341 2
172 2719 2
172 1193 1
172 1685 2
172 1779 1
172 29 2
172 1477 1
172 1273 2
172 2167 1
172 2843 1
172 848 2
172 1380 2
172 88 2
172 1555 1
172 724 1
172 1034 1
172 1014 1
172 2627 1
172 1902 1
172 2193 2
172 1573 2
172 739 1
172 355 2
172 280 1
172 2270 2
172 1173 1
172 2133 2
172 371 2
172 2343 1
172 2933 1
172 1473 1
172 537 2
172 3066 1
172 2259 1
172 2107 2
172 2434 1
172 2395 2
172 264 1
172 1903 1
172 2052 1
172 1487 2
172 2749 2
172 1581 1
172 2821 2
172 1349 1
172 3196 2
172 3106 1
172 415 2
172 1439 2
173 837 2
173 250 2
173 342 2
173 1945 1
173 3197 2
173 125 1
173 300 2
173 702 1
174 2935 2
174 748 1
175 1568 2
175 2591 1
175 2287 2
175 186 2
175 2400 2
175 2766 2
175 2770 1
175 1647 2
175 1643 1
175 1974 1
175 2824 2
175 405 2
175 2926 2
175 3212 2
175 195 2
175 1805 1
175 696 1
175 2148 2
175 617 1
175 75 2
175 2778 1
175 2489 1
175 3089 1
175 2950 1
175 1094 1
175 2129 2
175 423 1
175 237 2
175 653 2
175 814 2
175 2089 2
175 1572 2
175 181 2
175 907 2
175 2285 2
175 578 2
175 1741 1
175 2258 1
175 1842 2
175 175 2
175 1445 1
175 733 1
175 962 2
175 2925 2
175 2146 1
175 499 1
175 3185 1
175 320 2
175 1729 2
175 2240 1
175 1854 2
175 1378 1
175 1954 1
175 147 1
175 577 2
175 131 2
175 283 2
175 974 1
175 969 1
175 1722 1
175 2126 2
175 272 1
175 562 2
175 346 2
175 1123 1
175 1182 1
175 1294 2
175 1489 2
175 1206 2
175 2535 1
175 362 2
175 2512 1
175 2784 1
175 590 2
175 803 2
175 1036 1
175 518 2
175 1513 1
175 77 1
175 2090 2
175 966 2
175 221 2
175 2661 1
175 322 2
175 2795 2
175 458 2
175 1670 2
175 1614 2
175 1759 1
175 3169 1
175 2019 2
175 1309 1
175 3255 2
175 1504 1
175 2791 1
175 316 2
175 1391 2
175 229 2
175 2255 1
175 576 2
175 2824 2
175 1064 1
175 1938 2
175 2867 1
175 508 1
175 1235 1
175 1570 1
175 132 2
175 2738 1
175 613 1
175 1509 1
175 1879 2
175 1505 1
175 2198 2
175 2670 1
175 2649 1
175 2615 2
175 2497 2
175 1569 1
175 3070 1
175 99 2
175 759 2
175 675 2
175 1405 2
175 3147 1
175 133 2
175 2957 1
175 1482 1
175 386 2
175 1138 1
175 1099 1
175 1520 2
175 464 2
175 22 2
175 1288 1
175 2461 1
175 900 2
175 898 1
175 263 2
175 3102 1
175 2560 1
175 2056 1
175 3113 1
175 288 2
175 1799 1
175 1930 1
175 1148 1
175 1839 2
175 1080 1
175 2296 2
175 1504 1
175 3224 2
175 1457 2
175 443 1
175 3228 1
175 625 1
175 3275 2
175 2039 2
175 744 2
175 1970 2
175 315 2
175 2225 1
175 3036 1
175 1780 1
175 755 2
175 1163 2
175 404 2
175 187 2
175 212 2
175 2986 2
175 213 2
175 3250 2
175 18 2
175 1145 1
175 1742 1
175 979 1
175 109 1
175 166 2
175 1739 1
175 709 2
175 1969 1
175 3076 1
175 1113 2
175 1242 2
175 950 2
175 926 2
175 638 2
175 443 1
175 1428 1
175 3202 1
175 2267 1
175 3028 2
175 650 1
175 36 2
175 1827 2
175 3084 2
175 2879 1
175 2805 1
175 2648 1
175 3011 2
175 2885 2
175 2810 2
175 2982 2
175 1495 1
175 883 1
175 1480 1
175 272 1
175 1179 2
175 1937 1
175 604 1
175 2446 2
175 831 1
175 299 2
175 3015 1
175 360 1
175 502 1
175 972 2
175 2119 1
175 3217 2
175 536 2
175 1509 1
175 1524 2
175 1540 1
175 1115 2
175 2996 1
175 1507 2
175 2094 1
175 1320 2
175 2682 1
175 2127 2
175 1535 1
175 7 2
175 2218 1
175 2904 1
175 2559 1
175 827 2
175 2910 2
175 897 1
175 1544 2
175 2663 1
175 1795 2
175 231 2
175 697 1
175 2071 2
175 118 2
175 2178 1
175 1711 1
175 2513 2
175 2161 1
175 328 2
175 1427 1
175 2584 1
175 3244 1
175 281 2
175 2483 1
175 2742 1
175 2830 2
175 944 2
175 282 1
175 379 2
175 373 2
175 1058 1
175 13 2
175 3050 1
175 209 2
175 1713 1
175 742 1
175 2044 1
175 2190 1
175 192 1
175 2260 1
175 2719 2
175 1690 1
175 2570 1
175 500 2
175 1387 1
175 2253 2
175 2758 1
175 430 2
175 1191 1
175 1276 1
175 1119 1
175 1922 1
175 864 2
175 2536 2
175 1959 2
175 1079 1
175 840 2
175 2795 2
175 1006 1
175 206 2
175 1335 1
175 2196 1
175 101 2
175 1594 1
175 2834 2
175 195 2
175 2087 1
175 2117 1
175 3126 1
175 1195 1
175 1624 1
175 1601 1
175 2068 2
175 417 2
175 2580 2
175 1693 1
175 3256 2
175 613 1
175 1332 1
175 2144 1
175 3069 2
175 621 1
175 232 1
175 2596 1
175 3078 1
175 1977 1
175 3031 2
175 2547 1
175 2510 1
175 1469 2
175 1550 2
175 1212 2
175 577 1
175 31 1
175 454 2
175 3243 1
175 2251 2
175 217 2
175 3228 1
175 2862 1
175 1582 1
175 1481 1
175 1017 1
175 826 1
175 2893 2
175 1522 2
175 1416 2
175 1910 2
175 3002 1
175 922 2
175 563 1
175 2444 1
175 3230 2
175 2039 2
175 2598 2
175 2744 2
175 3115 2
175 212 2
175 1228 1
175 2136 1
175 3270 2
175 1822 2
175 1998 1
175 3110 1
175 1691 1
175 935 2
175 2733 1
175 313 2
175 1812 1
175 2451 2
175 508 1
175 2407 2
175 527 1
175 3119 1
175 1863 2
175 1483 1
175 548 1
175 2380 2
175 2636 1
175 704 2
175 2788 1
175 1726 1
175 2833 1
175 2939 2
175 950 2
175 833 2
175 2257 1
175 2786 1
175 1061 1
175 2780 1
175 2003 2
175 2975 1
175 1943 2
175 2853 2
175 1952 1
175 1334 1
175 1365 1
175 3185 1
175 1685 2
175 3077 1
175 2531 1
175 2394 2
175 114 1
175 1415 1
175 1841 1
175 2788 2
175 2802 2
175 157 2
175 3161 1
175 428 2
175 813 1
175 17 1
175 638 2
175 1974 1
175 1228 1
175 1443 2
175 2581 2
175 2778 1
175 2832 1
175 1003 1
175 2917 1
175 2219 1
175 3243 1
175 2860 1
175 2519 1
175 2290 1
175 2845 1
175 1779 1
175 2087 1
175 2831 2
175 3143 1
175 1707 1
175 287 2
175 3227 1
175 2938 2
175 3225 1
175 277 1
175 1070 1
175 2566 2
175 2184 1
175 256 2
175 932 1
175 2762 1
175 2485 2
175 1930 1
175 463 2
175 1130 2
175 1418 1
175 1356 2
175 1759 1
175 630 2
175 1001 1
175 2604 2
175 1357 1
175 1847 1
175 1887 1
175 3146 2
175 2424 1
175 2965 2
175 2020 2
175 2706 1
175 2157 2
175 984 2
175 452 2
175 3232 1
175 562 2
175 876 2
175 3203 1
175 1403 1
175 71 1
175 3218 1
175 364 2
175 1737 1
175 1929 1
175 1063 1
175 3006 1
175 991 2
175 1651 2
175 3031 2
175 2241 2
175 705 1
175 626 2
175 3221 2
175 3166 2
175 1639 1
175 484 2
175 688 2
175 3216 2
175 1836 2
175 499 2
175 1910 2
175 2435 2
175 1560 2
175 2751 2
175 179 2
175 1118 1
175 470 2
175 1587 2
175 2044 1
175 2670 1
175 2002 1
175 2211 2
175 1071 1
175 3050 1
175 686 2
175 3174 1
175 1403 1
175 1704 1
175 3250 2
175 1607 1
175 2839 2
175 644 1
175 2527 2
175 1216 1
175 756 2
175 1947 2
175 1398 1
175 1004 1
175 1184 1
175 482 1
175 3132 2
175 2148 2
175 2305 1
175 374 1
175 1650 2
175 3211 1
175 1565 2
175 2644 1
175 2667 1
175 1234 1
175 2382 1
175 1564 1
175 736 2
175 1600 1
175 136 2
175 685 2
175 2952 1
175 2439 2
175 2559 1
175 1540 1
175 874 1
175 3174 1
175 1552 1
175 2969 1
175 1951 2
175 1193 1
175 384 2
175 2383 1
175 2504 2
175 2427 1
175 547 2
175 1381 2
175 3040 1
175 2896 2
175 1901 2
175 110 1
175 2965 2
175 2934 2
175 3240 1
175 2619 1
175 2355 2
175 2457 1
175 1528 1
175 3246 1
175 1722 1
175 475 1
175 1504 1
175 1977 1
175 126 2
175 421 2
175 2408 1
175 1798 1
175 1942 2
175 1266 2
175 1914 2
175 1429 2
175 354 2
175 801 1
175 514 1
175 2992 1
175 2531 1
175 1709 1
175 2593 1
175 1515 1
175 1971 1
175 23 2
175 2899 2
175 1941 2
175 1335 1
175 802 1
175 1744 2
175 94 2
175 300 2
175 2410 2
175 834 1
175 2632 2
175 2734 1
175 1769 1
175 162 2
175 2904 1
175 881 2
175 1326 1
175 3246 1
175 1755 1
175 1841 2
175 122 2
175 2332 2
175 1751 1
175 3041 2
175 1944 2
175 796 1
175 422 2
175 2998 1
175 334 1
175 357 1
175 3020 2
175 1717 1
175 970 1
175 2185 1
175 2761 1
175 3033 2
175 164 2
175 2935 1
175 349 1
175 622 2
175 2774 1
175 1190 2
175 1745 1
175 2999 1
175 2588 1
175 377 2
175 2359 1
175 2742 1
175 1896 2
175 822 1
175 2100 1
175 1343 1
175 2797 2
175 2304 1
175 2932 1
175 1091 1
175 1012 2
175 2820 2
175 396 2
175 1475 1
175 2073 1
175 1746 2
175 2003 2
175 1237 1
175 55 2
175 3180 1
175 2138 2
175 2916 1
175 3194 1
175 2391 2
175 2237 1
175 1103 1
175 2161 1
175 1713 1
175 2578 1
175 2104 1
175 1919 1
175 436 2
175 2396 2
175 2178 1
175 146 2
175 2235 1
175 2017 1
175 329 2
175 3203 1
175 1683 1
175 2685 1
175 1204 1
175 2584 1
175 3079 2
175 2199 2
175 1117 2
175 2688 1
175 1242 2
175 2465 1
175 501 2
175 1927 1
175 2286 2
175 557 2
175 1013 1
175 2245 2
175 3162 1
175 2335 2
175 654 1
175 1225 2
175 3158 2
175 441 1
175 504 2
175 1088 1
175 2993 2
175 856 1
175 2292 1
175 395 2
175 1020 2
175 1980 1
175 1056 1
175 649 1
175 658 2
175 265 2
175 963 2
175 2629 1
175 943 2
175 2552 2
175 1862 2
175 1939 1
175 1073 1
175 1676 2
175 3046 2
175 3107 1
175 3059 1
175 2425 2
175 2268 1
175 2233 1
175 1872 2
175 60 2
175 234 2
175 837 2
175 38 1
175 1625 2
175 1849 2
175 245 1
175 365 2
175 2152 2
175 632 2
175 1039 1
175 2155 2
175 2618 1
175 768 1
175 1851 1
175 160 2
175 1819 1
175 2913 2
175 1842 2
175 2337 2
175 3184 1
175 1956 2
175 1400 1
175 3051 2
175 1354 2
175 3245 1
175 2671 1
175 957 1
175 1643 1
175 1595 2
175 197 2
175 2339 2
175 977 1
175 1356 2
175 2738 1
175 2377 1
175 684 2
175 31 1
175 600 2
175 1703 1
175 91 2
175 2987 2
175 76 1
175 1681 2
175 108 1
175 717 2
175 2920 1
175 2251 1
175 2463 1
175 1535 1
175 154 2
175 403 2
175 3178 2
175 623 1
175 1907 1
175 2491 1
175 2770 1
175 2486 1
175 3077 2
175 2113 2
175 762 2
175 806 1
175 1101 1
175 1881 1
175 1614 2
175 1104 1
175 658 2
175 200 2
175 814 2
175 165 2
175 2015 1
175 2426 1
175 2562 1
175 336 1
175 480 2
175 854 2
175 2496 1
175 145 2
175 2922 1
175 3164 2
175 1876 2
175 2452 2
175 2262 2
175 2125 2
175 855 1
175 1519 1
175 2575 2
175 2386 1
175 3056 2
175 171 2
175 3022 2
175 2669 2
175 1288 1
175 2723 2
175 680 2
177 1400 1
177 2532 1
177 1924 1
177 2053 1
177 2574 1
177 778 2
177 2613 1
177 810 1
177 2339 2
177 1717 1
177 2542 1
177 1046 1
177 107 1
177 1043 1
177 1879 1
177 1407 1
177 1857 2
177 1758 1
177 1701 1
177 1298 2
177 1776 2
177 1703 1
177 309 1
177 2507 1
177 2225 1
177 1429 2
177 979 1
177 1737 1
177 3213 2
177 423 2
177 3125 2
177 3256 2
177 1609 1
177 599 2
177 2926 1
177 2498 2
177 2794 1
177 1431 2
177 3052 1
177 2616 1
177 377 2
177 1035 1
177 121 2
177 603 2
177 60 2
177 1096 1
177 2428 1
177 555 1
177 1022 1
177 326 2
177 1268 1
177 3091 2
177 945 2
177 715 1
177 678 2
177 1899 1
177 678 2
177 1463 1
177 777 1
177 1101 1
177 2721 2
177 288 2
177 2030 1
177 1109 2
177 1360 2
177 3268 1
177 1902 1
177 871 2
177 375 1
177 2718 2
177 479 2
177 119 2
177 1551 1
177 128 2
177 2634 1
177 2414 2
177 898 1
177 283 1
177 1430 1
177 2278 1
177 2780 2
177 2611 1
177 821 1
177 572 2
177 1303 1
177 2822 2
177 3262 1
178 1765 1
178 2941 2
178 3051 2
178 1318 1
178 949 1
178 1850 2
178 1610 1
178 530 1
178 1087 1
178 2013 2
178 1284 1
178 1304 2
179 396 2
180 2115 2
180 1212 2
180 2232 2
180 420 2
180 2942 1
180 1592 1
180 929 2
180 500 2
180 2783 1
180 3223 1
180 412 2
180 1981 1
180 1522 2
180 2426 2
180 1855 2
180 3177 2
180 1038 2
180 265 2
180 1666 2
180 2776 1
180 1464 1
180 150 2
180 3155 1
180 1485 2
180 2316 1
180 2754 1
180 2151 2
180 2408 1
180 8 2
180 3023 2
180 2250 2
180 479 2
180 2605 2
180 390 2
180 2754 1
180 2682 1
180 1881 1
180 2303 2
180 3266 2
180 1440 2
180 945 2
180 1492 1
180 1093 2
182 2769 1
182 1610 2
182 1852 1
182 2584 1
182 3209 2
182 66 2
182 2976 2
182 2004 1
182 1239 1
182 890 2
182 2921 1
182 3208 2
182 1597 1
182 1964 2
182 3214 2
182 2436 1
182 2033 2
183 1822 1
183 68 1
183 1168 1
183 2079 2
183 2088 1
183 29 2
183 1208 1
183 214 2
183 2123 1
183 1881 1
183 1621 1
183 2993 2
183 1622 1
183 22 2
183 516 1
183 1646 1
183 2475 1
183 3211 1
183 857 1
183 2998 1
183 3036 1
183 590 2
183 1867 1
183 775 2
183 51 1
183 2947 2
183 1029 1
183 595 2
183 3182 2
183 1597 1
183 1436 1
183 3176 2
183 2533 2
183 1941 2
183 1546 1
183 1740 1
183 1172 1
183 2261 2
183 1665 1
183 228 2
183 2923 1
183 1992 1
183 731 2
183 1210 2
183 1159 1
183 581 2
183 2358 1
183 670 2
183 1923 1
183 493 1
183 2064 2
183 1682 2
183 47 1
183 116 2
183 1811 1
183 3017 1
183 1555 1
183 2847 1
183 1677 2
183 691 1
183 2672 2
183 1465 2
183 1293 2
183 2340 1
183 1366 1
183 2119 1
183 2947 2
183 629 2
183 1089 2
183 139 1
184 652 1
184 1683 1
184 498 2
184 1717 1
184 462 2
184 1766 2
184 3129 1
184 1419 2
184 1229 2
184 1219 1
184 1439 2
184 791 2
184 968 1
184 429 2
184 677 2
184 2204 2
184 1501 2
184 618 1
184 455 2
184 2400 2
184 3026 2
184 1112 2
184 2974 2
184 1490 2
184 1181 2
184 501 2
184 2900 2
184 150 2
184 1329 1
184 819 1
184 804 1
184 1674 2
184 2902 2
184 2658 2
184 3008 1
184 2505 1
184 746 2
184 1829 1
184 969 1
184 218 2
184 2500 2
184 2464 1
184 1152 2
184 2482 1
184 2775 1
184 2072 1
184 2159 2
184 528 2
184 3126 1
184 1790 2
184 2654 1
184 216 2
184 823 2
184 2073 1
184 1952 1
184 2014 1
184 2869 1
184 908 1
184 644 1
184 956 2
184 1306 1
184 267 2
184 2785 2
184 2911 2
184 1954 2
184 884 2
184 2891 2
184 3168 2
184 2767 1
184 1150 2
184 391 2
184 2110 1
184 2265 1
184 1634 1
184 1472 1
184 1591 1
184 2509 1
184 586 2
184 174 2
184 3075 2
184 530 2
184 660 2
184 754 2
184 495 2
184 2601 1
184 82 2
184 2506 2
184 1701 2
184 1696 2
184 2299 1
184 1025 1
184 1725 2
184 2844 1
184 1450 1
184 1577 1
184 2951 2
184 831 2
184 1280 1
184 2548 1
184 2297 2
184 986 1
184 2171 1
184 933 2
184 2488 1
184 1327 1
184 2229 1
184 1917 1
184 3187 1
184 2065 1
184 2324 2
184 1713 2
184 292 2
184 867 1
184 1094 2
184 2992 1
184 733 2
184 823 2
184 1324 1
184 51 2
184 2769 1
184 1944 1
184 2002 1
184 2095 2
184 352 2
184 2484 1
184 1353 1
184 1271 1
184 1438 2
184 1976 2
184 2061 2
184 3265 1
184 1943 2
184 2345 1
184 1363 1
184 2698 1
184 1561 2
184 2734 2
184 1342 2
184 347 2
184 467 2
184 59 2
184 1626 2
184 1073 1
184 993 1
184 2351 2
184 2343 1
184 1815 2
184 337 1
184 729 1
184 207 1
184 2841 1
184 1542 2
184 743 1
184 1275 2
184 2777 1
184 2538 1
184 1999 2
184 1692 2
184 3111 1
184 339 1
184 3136 1
184 2194 2
184 2101 2
184 2097 1
184 2714 1
184 246 2
184 752 1
184 60 2
184 1679 2
184 1736 2
184 2174 1
184 2813 2
184 2247 2
184 1022 1
184 2273 2
184 3031 2
184 28 2
184 2078 2
184 2753 1
184 2268 1
184 1500 2
184 1888 2
184 113 2
184 2172 2
184 3234 2
184 440 1
184 459 2
184 203 2
184 2323 2
184 3080 2
184 471 2
184 2051 2
184 1913 2
184 1786 2
184 2034 1
184 3168 1
184 2069 1
184 20 2
184 2292 1
184 1556 1
184 1045 1
184 1173 2
184 897 1
184 1405 2
184 71 1
184 1137 1
184 1351 1
184 981 2
184 1680 2
184 599 2
184 1472 1
184 2027 2
184 469 2
184 2892 2
184 547 2
184 709 2
184 361 2
184 58 2
184 2002 1
184 1739 1
184 1580 1
184 1420 1
184 1795 2
184 1292 1
184 2448 2
184 1893 2
184 645 1
184 1270 2
184 1641 1
184 835 2
184 2397 2
184 397 2
184 3002 1
184 2109 2
184 2803 1
184 461 2
184 1542 2
184 3046 2
184 1520 2
184 920 1
184 740 1
184 2994 1
184 1005 1
184 457 2
184 1258 2
184 3171 2
184 2693 1
184 2135 1
184 1605 1
184 144 2
184 214 2
184 2250 2
184 2550 2
184 1342 2
184 1165 1
184 2666 2
184 221 2
184 1132 2
184 1950 2
184 2677 2
184 938 2
184 3259 2
184 672 2
184 1700 1
184 89 2
184 1869 1
184 2353 2
184 2720 1
184 1280 1
184 229 2
184 1458 2
184 3156 1
184 2480 2
184 2420 2
184 1732 2
184 2047 1
184 576 2
184 351 2
184 2365 1
184 2310 1
184 2937 1
184 2120 1
184 1117 2
184 1781 1
184 1043 1
184 515 2
184 846 1
184 1970 2
184 490 2
184 1122 1
184 2673 2
184 849 2
184 1764 1
184 2404 1
184 3042 1
184 2431 1
184 119 2
184 2906 1
184 2674 2
184 668 2
184 2454 2
184 999 2
184 785 1
184 2157 2
184 1167 1
184 2538 1
184 3040 1
184 3130 1
184 1175 1
184 1891 1
184 70 2
184 1750 1
184 3274 2
184 1151 2
184 517 2
184 2949 1
185 2120 1
185 693 1
185 853 1
185 1750 1
185 25 2
185 2875 1
185 2792 2
185 1189 2
185 1280 1
185 1911 2
185 1067 1
185 850 2
185 923 2
185 2374 2
185 2238 2
185 795 1
185 1004 1
185 2359 2
185 2472 1
185 2789 1
185 1983 1
185 728 1
185 123 2
185 1433 1
185 509 2
185 1367 1
185 2983 2
185 1424 1
185 1798 2
185 550 1
185 3039 2
185 2029 1
185 1249 1
185 2707 1
185 71 1
185 802 1
185 2592 2
185 2171 1
185 2476 1
185 1811 1
185 1569 1
185 1885 1
185 320 2
185 828 2
186 726 2
186 787 2
187 3265 1
187 2336 2
187 2 2
187 2629 1
187 2319 2
187 2424 1
187 330 2
187 348 2
187 433 1
187 154 2
187 394 2
187 234 2
187 2216 1
187 1222 1
187 1559 1
187 99 2
187 1630 2
187 1261 1
187 512 2
187 1543 2
187 2314 2
187 2794 1
187 2350 2
187 2631 1
187 3160 1
187 2457 1
187 1428 1
187 322 2
187 1572 1
187 1663 1
187 1201 2
187 622 1
187 1419 1
187 2047 1
187 1422 1
187 297 2
187 2243 2
187 1454 2
187 3190 2
187 532 2
187 2867 1
187 3145 1
187 710 2
187 2881 2
187 2500 2
187 2854 1
187 1473 1
187 2052 1
187 382 2
187 871 2
187 314 2
187 1990 2
187 535 2
187 3123 1
187 545 2
187 1310 1
187 1739 1
187 1408 2
187 103 2
187 453 1
187 2703 1
187 2177 1
187 2787 1
187 624 1
187 890 2
187 2989 2
187 240 2
187 1936 1
187 2873 1
187 2688 1
187 2933 1
187 1197 2
187 717 2
187 38 1
187 1492 1
187 2716 1
187 2406 1
187 1628 1
187 2006 1
187 1040 1
187 1185 1
187 2063 2
187 1000 2
187 2517 1
187 3126 1
187 2739 2
187 1257 2
187 2146 1
187 1091 1
187 1035 1
187 2794 1
187 2021 1
187 1816 1
187 1578 1
187 1890 1
187 3069 1
187 3030 2
187 1133 1
187 2459 2
187 1650 1
187 1401 2
187 732 1
187 2828 2
187 2672 2
187 1822 2
187 1311 1
187 1898 2
187 5 2
187 783 1
187 2940 1
187 1256 1
187 278 2
187 594 1
187 1070 1
187 3239 1
187 399 2
187 2102 1
187 448 1
187 1797 2
187 44 1
187 2143 1
187 2907 1
187 703 2
187 1840 2
187 2392 2
187 3159 1
187 2305 1
187 1691 1
187 1886 1
187 2083 1
187 2344 1
187 963 2
187 2760 1
187 2481 2
187 1239 1
187 1189 2
187 2300 1
187 1159 1
187 661 1
187 2813 2
187 3179 1
187 2248 1
187 3019 2
187 2601 1
187 1895 1
187 700 1
187 474 1
187 67 2
187 1917 1
187 2423 1
187 595 2
187 1985 1
187 3105 1
187 687 2
187 2098 1
187 3170 1
187 1995 1
187 6 1
187 2076 1
187 928 2
187 619 1
187 1775 1
187 1695 2
187 3093 2
187 2067 1
187 1184 1
187 2761 1
187 847 1
187 163 1
187 20 2
