79185673 0
79186190 2
79186569 2
79186651 0
79186726 2
79186749 2
79187165 2
79188466 0
79188512 0
79188733 2
79189145 2
79189357 0
79189697 0
79189773 2
79190118 2
79193752 2
79194027 2
79194093 2
79194346 2
79194933 0
79195142 2
79195594 2
79195829 0
79196060 2
79196168 2
79196316 0
79196441 2
79196748 2
79196972 0
79197068 0
79197151 0
79197417 2
79197503 2
79197903 0
79197928 2
80050625 0
80050754 0
80051053 2
80052151 2
80052225 2
80053174 2
80053682 0
80053749 2
80054009 2
80055712 2
80055921 0
80056218 2
80056235 2
80056390 0
80056520 2
80056578 0
80056720 0
80056767 2
80056789 2
80057006 2
80057291 2
80058003 2
80058172 2
80058539 2
80058872 2
80059045 0
80059079 2
80059118 0
80059190 0
80059203 2
80059242 0
80059362 2
80059451 0
80059665 2
80059939 0
80060015 2
81169563 0
81169928 2
81170146 0
81170244 0
81170419 2
81170861 0
81171616 0
81171736 0
81172077 2
81172348 0
81172598 2
81174535 2
81176223 0
81176286 2
81176506 0
81176672 2
81176923 2
81177456 0
81177780 0
81178007 2
81178016 0
81178513 0
81178821 2
81178980 2
81179473 2
81179800 2
81211518 2
81213046 2
81213147 2
81213627 2
81213820 2
81214894 2
81214896 2
81215474 0
81215562 2
81988861 0
81989508 0
81990560 2
81990794 0
81990891 0
81991018 2
81991158 0
81991168 0
81991227 0
81991310 0
81991330 2
81991486 0
81991664 0
81991738 0
81991877 2
81992249 0
81992407 0
81992417 0
81992487 0
81992855 2
81993022 0
81993136 0
81993807 2
81994619 0
81994623 2
81994871 0
81995233 2
81995294 0
81995317 0
81995385 2
81995507 0
81995666 2
81995718 2
81995828 0
81996092 0
81996415 2
81996499 0
81996542 2
81996585 0
81996695 2
81996764 0
82509602 0
82509678 0
82509691 2
82510416 0
82510452 2
82510755 2
82511191 0
82511193 0
82511345 0
82512093 0
82512145 2
82512212 2
82512299 0
82512461 2
82512578 0
82512662 2
82512916 2
82513014 2
82513289 2
82513444 0
82514466 2
82515092 2
82515944 2
82516074 0
82516775 0
82516918 0
82517296 0
82517329 0
82517646 2
82517839 0
82518099 2
82518151 0
82518158 0
82518322 0
82518378 2
82518429 2
82672831 0
82672977 2
82673621 0
82673764 0
82673786 2
82673833 0
82673954 0
82674219 0
82674290 2
82674566 0
82674634 0
82674902 0
82675706 2
82675864 2
82676265 0
82676486 2
82676738 2
82677133 0
82677176 2
82677993 0
82678292 0
82678393 0
82679243 0
82679458 2
82679485 0
82679677 0
82679835 0
82679887 0
82680253 2
82680378 2
82680423 2
82680469 2
82681227 2
82681477 0
82681805 0
82681854 0
82681996 2
82682106 2
82682363 0
82835535 0
82837194 2
82837247 0
82837308 0
82837312 2
82837330 2
82837376 2
82837743 0
82837899 2
82838077 2
82838136 2
82838269 2
82838802 2
82838854 0
82838894 0
82839413 2
82839573 0
82839844 2
82840157 2
82840428 0
82840462 0
82840508 0
82840755 0
82841006 2
82841168 0
82841468 0
82841631 0
82843258 0
82843268 2
82843728 2
82843785 2
82844291 0
82844485 0
82844546 2
82844564 2
82844697 2
82844705 0
82844765 0
82844934 0
82844981 2
82845268 0
82845272 0
82845437 0
82845501 0
82846065 0
82847369 2
82847436 0
82847466 0
82847641 0
82848803 0
82849272 0
82849685 0
82850000 0
82850069 2
82850303 2
82850521 2
82850583 0
82850978 0
82851542 0
82851670 0
82852118 2
82852809 0
82853085 0
82853149 0
82853150 0
82853187 0
83254598 0
83254794 0
83254916 0
83255051 2
83255088 2
83255121 0
83255486 0
83255526 2
83256060 2
83256065 0
83256193 0
83256253 2
83256366 2
83256679 0
83257061 2
83257336 0
83257650 2
83257925 2
83257950 0
83258131 0
83258590 0
83258608 2
83258613 0
83258702 0
83267573 2
83267942 2
83268482 2
83268491 2
83268638 0
83269109 2
83269290 0
83269499 2
83269583 0
83269790 2
83270091 0
83270140 2
83270141 2
83270494 0
83271356 2
83271502 0
83271979 2
83272206 2
84030151 0
84030164 2
84030311 2
84030355 2
84033089 0
84033317 0
84033718 0
84033731 2
84033733 2
84034023 2
84034398 0
84034743 0
84034785 2
84047300 2
84047934 0
84048054 0
84048109 2
84048187 0
84048241 2
84048438 0
84048462 2
84049369 2
84049378 2
84049530 0
84049718 0
84050095 2
84050258 0
84050322 0
84050364 0
84050420 2
84050466 0
84050868 0
84051155 2
84051273 2
84304741 0
84304976 0
84304985 0
84305417 0
84305604 0
84305736 0
84305899 2
84306221 2
84306277 0
84306860 0
84307023 0
84307215 0
84307329 2
84308263 0
84311234 0
84311599 0
84311983 0
84312565 0
84312991 0
84313039 2
84313129 0
84313582 0
84313769 2
84313808 2
84314069 0
84314324 0
84314377 0
84314382 2
84314450 0
84314754 2
84314858 0
84314916 2
84317743 0
84318040 2
84318134 0
84318238 0
84318313 0
84318394 0
84318783 0
84318790 2
84318962 0
84319101 2
84319348 2
84319654 0
84319703 0
84319756 0
84320081 0
84320238 0
84320701 0
84320750 0
84321217 0
84321454 0
84321613 0
84321911 0