24794 1
24807 1
6279 0
25032 1
20347 1
23647 1
13899 1
6203 1
10756 1
11264 1
38526 2
18516 0
35277 1
25946 0
30094 1
3549 1
16151 1
1294 0
40638 1
22855 1
13988 1
40562 0
33329 0
14430 1
6028 1
39958 1
33782 1
19173 1
39314 0
10035 1
24031 1
37363 0
37964 1
20512 0
22704 1
28241 2
4238 1
37036 0
30223 0
30684 1
19694 1
5241 1
28721 1
33046 2
10666 1
18870 1
7880 1
32284 1
41882 0
8163 0
21051 0
18811 1
33724 1
15370 1
35016 0
26492 1
10788 0
22612 0
36311 1
16721 1
42329 1
28233 1
35233 1
24184 1
24527 1
17290 1
3203 1
33075 1
8399 1
17098 1
39827 1
26465 0
17643 1
4190 1
18410 1
29183 0
15790 1
42139 1
3628 0
22224 0
9155 1
42438 1
2900 0
12481 1
41564 1
12607 1
6755 1
42229 0
14359 1
42088 1
16873 1
25717 1
20611 0
36155 0
20385 1
19321 1
27371 1
5245 1
28809 0
280 0
19720 1
8727 1
41635 0
19281 1
29664 1
18230 0
39912 1
2068 1
8441 1
17969 1
1356 0
41738 0
35397 1
37430 0
33802 1
10696 0
32032 0
25631 1
23148 1
15130 0
28791 0
36747 1
20846 1
10424 1
22461 0
19568 0
36914 1
21367 0
3277 1
32298 1
22653 1
34702 1
31807 1
25789 1
17040 0
25544 1
21508 1
31988 1
26077 0
13176 1
22317 1
27312 1
4723 1
2736 0
32658 0
19571 0
14730 1
6278 0
32212 0
9101 1
13037 0
3112 1
40104 0
31729 0
31739 1
41897 1
40892 1
6387 1
13116 1
39083 1
24635 1
23362 0
6609 0
17125 1
35389 1
33216 0
23991 0
41397 1
9973 0
31821 0
11389 1
30177 1
1182 1
41073 1
29935 1
9244 1
1679 0
19938 0
16685 1
33109 1
35392 1
31803 1
667 1
11438 1
22265 1
19722 1
6884 1
33852 0
6415 0
26782 0
11267 0
2522 0
24600 0
28027 0
11236 1
12953 1
14957 1
6364 1
34894 1
34565 1
35054 1
12096 1
41080 1
39728 1
37656 0
35305 1
7558 0
20068 0
22536 1
31374 0
39839 1
15435 0
4272 1
41694 1
18506 1
20525 1
2363 1
17917 1
9307 1
28425 1
39895 0
31041 1
19496 1
30370 1
1408 1
8355 1
34183 0
22885 0
2337 1
13476 1
36968 1
41344 1
4705 1
23084 0
23400 1
15642 1
15532 1
18537 1
32117 1
33412 1
17579 0
37938 1
14158 1
97 2
34825 1
15411 1
19522 0
30506 1
29987 1
8269 1
35047 1
3724 1
10761 1
21387 1
1413 1
7205 0
31271 1
34251 0
11863 0
40182 1
40054 0
756 1
27261 1
35448 1
4268 1
2646 1
1401 0
42110 0
42564 1
39691 1
6354 0
20138 1
42259 2
16313 1
26919 0
19299 1
8098 1
2860 1
2136 0
37407 1
3552 0
41865 1
11912 0
18096 1
7509 1
25081 1
36329 1
12326 0
12920 1
12662 1
35251 1
4131 0
24602 1
27767 1
20355 1
29345 1
6707 0
29388 1
9653 1
41471 1
27853 1
8787 1
41015 1
26163 1
19532 0
25536 1
33118 1
25122 0
28409 1
35518 0
1994 1
22466 0
35503 0
40527 0
36359 2
40176 0
34668 0
37620 1
35027 1
39673 0
15712 1
38168 1
11200 0
6996 0
30423 0
7867 2
22574 1
25355 1
16948 0
37052 1
38337 1
13062 1
29611 0
13836 1
4203 0
184 1
19206 1
36092 0
40582 1
32166 0
29041 0
1801 1
39114 0
12477 0
38570 1
20504 1
3788 1
5328 1
2858 1
39195 1
24145 1
37850 1
10230 1
38825 1
32654 1
32908 1
38620 1
9226 0
13397 1
36797 0
33501 0
190 1
17667 0
26763 1
37424 1
41644 1
4774 0
28068 1
24293 1
41373 0
6373 1
31533 1
10517 1
1776 1
36834 1
13085 0
27667 1
22081 0
6370 1
33961 0
28720 1
4295 1
29804 1
24405 1
3555 1
23968 0
39163 1
11906 1
39451 0
15182 1
13519 0
7706 1
41424 0
9032 0
3898 1
20894 0
21949 0
19280 1
23289 1
5718 1
32772 1
24119 1
41614 1
8226 0
6655 1
27021 1
24276 1
35116 1
36194 0
13852 1
30762 1
25234 1
6814 1
24857 1
8521 0
35187 1
1974 0
29065 1
21177 0
7785 1
2675 1
24287 0
34697 0
22129 1
35705 0
21437 1
28838 1
18295 1
31582 1
39186 0
16006 1
24735 1
35569 0
27067 0
37583 1
4595 0
7782 1
21878 0
7178 0
32191 1
42538 1
30333 1
31926 1
29205 1
23976 1
10792 1
37934 1
27389 1
41987 1
31576 1
37802 1
14591 1
1043 1
8515 1
596 1
18844 1
3242 1
33588 1
7181 1
11980 1
40063 1
30924 1
15493 0
26196 1
1161 1
16136 1
37780 0
3462 1
2190 0
338 1
14907 1
4924 1
13231 0
17771 2
26906 1
42338 0
4482 1
19560 1
276 0
397 0
3906 0
10837 1
15895 1
16664 1
33823 1
40156 1
14545 1
19593 1
3838 1
40061 1
14468 1
14583 1
11088 1
34094 1
26994 2
18835 1
3364 0
34923 1
15331 1
34815 1
10449 1
25993 0
15113 1
32950 1
9590 1
29561 1
26563 0
32605 0
27648 1
14596 1
3593 1
29609 0
10337 1
39483 1
37767 1
3565 0
40781 0
13703 1
20699 1
28102 0
23656 1
37945 1
36897 1
4307 1
2718 1
36677 0
41898 1
17728 1
27397 1
41094 1
34285 1
24808 1
36575 1
13021 1
38010 1
18107 0
22285 0
473 1
12985 1
11380 1
24498 0
4155 1
40086 0
27361 1
5376 1
15818 1
15915 0
37746 1
20805 1
12337 0
3791 1
2782 1
16268 0
17053 0
16971 1
18027 0
32485 1
9805 1
20146 1
16466 1
17530 1
34019 1
30552 1
38051 1
4480 1
24129 1
208 1
7579 1
9966 1
39601 1
36319 1
4115 0
22152 0
17520 1
19806 0
38218 2
38356 1
25844 1
27835 0
35646 1
31784 1
30781 1
18247 1
20573 0
21547 1
12923 1
10254 1
21424 1
33144 1
16963 1
6772 1
12460 0
11668 1
29428 0
25146 1
20843 1
12126 0
7348 0
18607 0
32949 1
8136 1
39725 1
41441 0
18820 0
34040 1
38023 1
40692 1
36462 1
23455 1
29055 1
26212 1
9925 0
36220 0
30702 0
8037 1
37972 1
39029 0
4941 1
2156 1
23568 1
6030 0
32039 1
7772 0
11241 0
26228 0
24886 1
38503 0
37401 1
33712 1
37284 1
18845 0
36699 1
38111 0
32685 1
31072 1
19958 1
7354 1
16574 0
22745 1
24245 0
33787 1
18560 1
36184 1
35118 1
17002 1
24624 1
1097 0
37287 0
20438 1
7234 1
4977 1
16378 1
21762 1
730 1
24083 1
8482 1
21017 1
37378 0
28406 1
20134 1
37722 0
32011 0
27958 1
33191 0
7310 0
7498 1
16254 1
22616 1
2304 1
41584 0
32292 1
15492 0
41520 1
26000 1
8249 1
39773 1
3635 1
33127 1
487 0
34165 1
15046 1
16497 1
41883 1
39622 1
11175 0
38721 1
25434 1
6512 1
35616 1
38870 1
10591 1
7680 1
6641 1
262 0
5317 0
33624 0
33475 0
17588 1
21413 1
26068 1
615 1
6289 1
27384 1
1500 1
6255 1
6554 0
36685 1
41385 1
2924 1
16383 1
20151 1
23745 0
25972 1
34117 0
34879 0
14028 0
5204 1
10568 1
34050 0
8553 1
3097 0
16021 1
25153 1
321 1
37419 1
6580 0
42466 0
11658 1
27819 0
7958 1
29622 1
19730 1
22575 0
34599 1
17106 1
5922 1
2309 1
17606 1
7550 0
25282 0
3389 0
26691 1
3210 1
8304 0
4518 0
24261 1
1918 1
20975 1
20801 0
1343 1
29599 1
11770 1
14696 1
27623 1
34904 1
36624 1
29863 1
21087 1
1676 1
10234 1
40964 0
3914 0
27498 1
10609 1
25723 1
4625 1
3959 1
35577 1
40220 1
7137 1
9946 0
8081 1
27693 1
7410 1
26644 1
2619 1
19092 0
32744 1
23163 1
23673 1
19782 1
6831 0
22027 0
27883 0
29122 1
10223 1
20662 1
42616 1
1160 1
8486 1
7028 1
9508 1
17737 1
33700 1
30382 1
30699 1
10063 1
17277 1
31038 1
37228 1
42525 0
8318 1
3974 0
14424 1
21945 1
40216 0
35995 1
26016 1
13469 1
6215 0
9716 1
14304 1
22060 1
10817 1
26675 1
30060 1
12650 1
19595 1
2221 0
27685 1
26630 1
25552 0
28073 1
15000 1
34683 1
24893 0
3388 1
1384 1
42520 0
36659 1
21345 1
9655 0
24238 1
12194 1
17802 1
18001 1
4152 1
20916 1
378 1
5847 1
12044 0
37074 1
19793 1
28858 1
24333 1
28607 1
14404 1
16284 1
13858 0
22188 0
38968 1
8124 1
36243 0
14420 1
23994 1
4599 1
36804 1
13097 1
842 0
15538 0
23444 1
15789 1
5598 1
19402 2
1183 1
38062 1
10051 1
39438 1
18884 1
6936 1
13381 1
2981 1
36652 0
28742 1
18772 1
36906 1
19850 0
42361 1
7780 1
12031 0
23698 0
25169 1
13400 1
19559 0
39633 1
38319 1
25502 1
3111 1
18729 1
4341 1
9275 1
25735 1
4807 1
18070 0
39507 1
42248 1
30443 2
17608 1
15823 1
5404 1
9322 1
13206 1
24428 1
14636 0
35968 0
19404 1
33601 1
2367 1
29107 1
14488 1
9262 0
9393 1
34082 1
41447 1
28676 1
213 1
18696 1
9498 1
2053 0
3764 1
13221 1
41842 1
38307 1
34984 1
26634 1
10796 1
5807 2
19121 1
22521 0
26237 1
3761 0
25988 0
25865 0
9507 1
25346 1
7872 1
26075 1
36439 1
5852 1
1491 1
27321 1
29312 1
14646 1
36858 1
20550 0
39933 1
3533 1
28478 1
22057 1
36723 0
39681 1
41942 0
4994 0
3296 1
40382 0
30166 1
30010 1
32665 1
8082 2
19235 1
19597 0
38643 1
17015 1
10204 0
6547 1
35879 1
16622 1
21886 1
34445 0
13957 0
20250 0
19472 0
41760 1
21487 1
30814 1
7700 1
33620 1
38803 0
1533 1
25711 1
4523 1
9023 1
35951 0
16514 1
17402 1
22880 1
38306 1
22607 0
28380 0
20217 1
26318 1
33634 0
21093 1
7971 1
12731 1
23696 1
38541 1
5921 1
7964 1
40952 1
28741 1
25126 0
39574 0
24267 1
10281 1
40558 1
32052 0
23847 1
20159 1
9401 1
39229 1
3672 1
39180 1
31671 2
38198 1
13103 1
32824 0
27400 0
35367 1
13064 1
15912 1
27640 1
23215 0
6782 1
5272 0
3098 1
14133 1
21681 1
8286 1
1824 1
20772 1
22357 1
6336 1
35855 1
17786 1
24577 1
36426 0
1735 1
1071 1
12982 0
28542 1
20131 0
15777 0
25683 1
6262 1
27638 1
9993 1
16205 0
22577 0
3036 1
13517 1
29179 1
42250 1
7850 0
9203 1
5366 1
17130 0
14856 1
18856 1
31139 1
35114 1
41060 1
30431 1
29726 1
38439 0
23094 1
32515 1
41686 1
40454 0
35206 1
40048 1
32491 1
2187 1
5085 1
29645 0
35642 0
33668 1
42444 1
41143 0
37521 1
5009 0
23502 1
6086 1
34162 1
13746 0
18363 0
24620 0
33102 0
23291 1
32974 1
955 1
1264 1
8769 0
33582 1
11450 1
41677 1
7296 1
21255 1
27646 0
35360 0
5068 1
23236 1
15495 1
26343 1
41 1
11259 0
5186 1
607 1
25300 1
24876 0
10387 1
38305 1
23897 1
10932 1
15612 1
30213 1
22084 0
21655 1
23117 1
31472 1
3048 1
455 1
41590 0
17186 1
28863 1
17483 1
14160 1
10585 1
33741 1
19794 1
12874 1
37164 1
20404 1
19177 1
11309 1
14666 0
18533 1
2659 1
17204 0
36757 1
25455 1
19951 1
1650 1
1558 0
32760 1
7446 1
36233 0
41570 0
4616 1
29500 0
2652 0
34938 1
35756 1
31202 1
2821 2
26977 1
13449 1
39859 0
34438 1
12370 1
2658 0
37148 1
1216 1
36277 0
10269 1
5329 1
31173 1
17122 0
5082 1
9994 1
41810 1
6916 1
37491 0
39073 0
26333 1
34380 0
17685 1
12124 1
22484 1
25894 0
33173 1
27368 1
9052 0
11851 1
40430 1
14541 1
5015 1
12004 2
36976 1
40543 1
2670 0
24562 1
39666 1
30530 1
35161 0
19591 1
15971 1
16501 1
26541 1
42091 1
16592 0
11395 1
12792 1
41316 1
40361 1
18149 1
32817 0
32452 0
39848 2
36349 1
40380 1
11263 0
9348 2
15349 1
34490 1
13438 1
3082 1
38056 0
24902 1
25585 0
8603 1
31030 1
4830 1
33967 0
37662 0
8031 1
17377 0
23639 1
34543 1
33175 0
39727 1
17461 1
25014 1
8484 1
11424 1
25649 0
36405 0
42327 0
12127 1
15341 0
17742 0
2294 1
37105 1
39 1
1597 1
25986 1
4592 1
1536 0
20082 1
14347 0
1829 1
24305 1
14916 1
5875 1
20951 0
39199 1
5590 1
9223 0
25873 1
6634 0
29153 0
27328 1
38779 0
13300 0
35937 1
33263 1
32373 1
27217 1
29689 1
7979 0
4343 0
27969 1
7687 0
7759 1
33299 1
41671 1
20513 1
10422 1
18407 0
24595 0
13378 1
11227 1
18954 1
2743 0
14418 1
28059 1
5222 1
19801 0
39216 0
833 1
19142 1
35832 1
26599 0
28306 1
26747 1
37235 1
2001 0
1336 1
9951 1
8609 1
731 1
40458 1
2428 0
28911 1
5641 2
40817 0
11410 1
33303 1
15553 1
16230 1
32695 1
26916 0
32707 1
6879 1
4763 0
8836 1
39794 1
16856 0
4128 1
4769 0
23514 0
14986 1
28580 1
12894 1
26023 1
14711 1
41875 1
22907 1
17139 1
35460 0
700 1
17508 1
40395 1
8789 0
37396 1
21594 0
7697 1
25399 1
41515 1
11937 0
19135 1
31587 1
1271 1
8291 1
4144 1
5694 1
3765 1
36962 1
21288 0
32251 1
3847 1
23159 0
25199 1
38681 1
34867 2
19312 0
36036 1
31838 0
31499 1
10206 1
35759 0
41752 1
3720 1
26924 1
26890 1
28612 1
281 1
27953 1
35665 1
13606 1
1204 1
27617 0
36706 1
32058 2
34896 1
2399 0
27309 0
16881 1
42084 0
8600 1
34718 1
30252 0
21647 1
1383 1
26682 1
16165 1
38108 1
38456 1
24233 1
22674 1
25978 1
12749 0
38100 1
17738 1
28862 1
36260 1
40640 1
28689 1
38006 1
37078 1
11840 1
6777 1
4003 1
38830 0
19717 0
36018 0
20995 1
41934 1
6859 1
4734 0
23950 1
34974 1
1645 1
5805 0
29328 1
36278 1
32977 0
34647 1
4271 1
34834 1
25033 1
22241 1
10505 1
25815 0
28414 1
6452 0
28033 2
32532 1
28999 1
16163 1
39064 0
21788 1
5888 0
2016 1
8527 1
17258 0
34345 1
5042 0
954 1
31024 1
41667 0
37081 1
16709 1
2998 1
18513 1
38028 0
15839 1
22642 1
37892 1
2779 1
31120 1
14975 0
32329 0
15584 0
4823 1
18525 0
3814 0
33894 1
29242 0
12803 0
33286 0
37262 1
2557 0
9433 0
8965 1
11499 1
32932 0
3497 1
6089 1
33432 1
36799 1
33794 1
40682 1
41485 1
40247 0
26684 1
23080 0
34385 0
2590 1
36741 0
9309 1
9789 0
1939 1
40832 1
9149 1
9660 2
14582 1
39602 1
35489 1
19673 1
25715 1
37717 1
31365 1
3798 1
41480 1
22791 0
34627 1
14460 0
1006 1
30961 1
9024 1
25618 0
34274 1
6294 1
8420 1
40145 1
24041 1
42314 1
23611 1
12366 1
13554 0
17259 1
36951 1
37770 1
15023 0
4635 0
39781 2
24307 0
20799 0
11194 0
14491 1
19926 1
5303 1
974 1
32157 1
8455 1
18852 0
37745 1
18174 1
34234 1
30290 0
140 1
19064 1
20861 1
709 1
36761 1
29778 1
18253 0
11170 1
13155 1
20054 1
12128 1
32457 1
23938 1
42321 0
28887 1
11834 1
26462 1
27663 0
13369 1
6493 1
16102 1
30859 1
1437 1
40980 1
3030 0
2841 1
6323 1
11530 1
42601 0
37644 0
24641 1
7470 1
30175 0
28682 1
23765 0
22338 0
19918 1
14512 0
36566 1
6847 1
28424 1
27345 1
7472 1
26549 1
5464 0
41078 0
28255 0
6245 0
28432 1
41890 1
1101 0
16473 1
20763 1
28588 0
28814 0
13340 1
36961 1
32766 1
42224 1
9103 1
3075 0
28548 1
40912 0
22620 0
5037 0
37560 1
17004 1
16350 1
26765 1
22758 1
31684 1
20342 1
20568 1
1210 1
265 1
42135 1
17597 1
13428 0
24332 1
13623 0
6494 0
26312 1
42446 1
14757 1
12256 1
3417 1
12692 0
20489 1
23447 0
11472 1
9426 1
15740 0
12806 1
22522 1
20206 1
17718 1
42302 1
3554 1
35677 1
12324 1
18153 0
36273 1
1860 1
38663 1
34771 1
42225 0
14193 0
2613 0
25402 1
23939 1
25734 1
19046 0
30656 1
20739 0
16464 0
35912 1
15676 1
2834 1
22301 0
29477 1
3416 1
24692 1
23334 1
2262 1
2969 1
16860 0
3331 1
21478 0
42568 0
30075 1
40356 1
2411 2
2502 0
24904 1
8306 0
24424 1
31327 0
31022 1
15195 1
18083 1
30027 0
2222 0
3728 1
5559 1
28445 1
1342 1
2449 1
22794 0
29393 1
38777 1
25187 1
10169 1
14973 1
25445 1
31847 1
37169 1
39058 1
39203 0
38565 0
33803 0
8331 0
4419 1
40375 0
34277 0
12173 1
23865 1
19623 1
15506 1
31604 0
37003 1
14525 1
24355 1
2846 0
37079 1
35380 1
36863 1
18428 1
14800 1
19297 1
33727 0
29248 0
17407 0
42505 0
26143 1
3915 1
27587 1
38680 0
22222 0
8000 1
6226 1
6768 1
34737 1
30737 1
6559 1
17304 1
35120 1
16385 1
28888 0
13695 1
5794 0
530 0
29678 0
31989 1
14953 1
25238 1
31565 0
11566 1
5533 0
149 1
2061 1
13121 0
37230 1
10628 1
12538 1
12798 1
18621 1
20401 1
19724 0
9593 1
31017 0
27383 1
17614 1
25012 0
17945 1
42304 1
37384 1
14110 1
41016 0
27460 0
38525 0
27420 1
28248 1
25980 1
23417 0
9388 1
19133 0
23837 2
4585 0
39846 0
28205 1
31987 1
7285 1
28681 0
22727 0
35856 1
33897 1
7989 1
19735 1
1583 1
27849 1
30495 1
17908 1
40444 1
8890 1
38561 1
17895 0
25345 1
26098 0
41986 1
37572 0
22515 1
32207 1
31993 1
8404 1
12935 0
13674 0
599 1
12416 0
3077 0
23506 0
36041 0
11654 1
31487 0
4640 1
32468 1
37485 1
37505 0
40325 1
11304 0
39780 1
40621 0
12563 1
3448 1
12010 0
12352 0
17175 1
12015 0
39480 1
8263 1
18747 1
11061 0
27115 0
34635 1
12539 1
37878 1
14266 1
7145 0
4047 1
26738 0
447 1
24344 0
40721 1
24729 1
36709 0
27901 0
39817 1
6324 1
42273 0
1105 0
1007 1
19875 1
40343 0
6773 1
19504 1
41300 1
2809 1
25807 1
28039 1
26974 0
17415 0
26114 1
74 1
20676 1
40174 0
8498 1
12757 1
37571 1
20832 1
22361 0
20597 1
9485 1
1929 1
39510 0
10675 0
13164 1
30861 1
39861 1
32621 0
40289 1
17217 1
5802 1
4834 0
3307 1
5512 1
16571 1
4330 1
11543 0
25220 0
36040 1
9595 1
22843 1
37935 1
4514 1
33996 1
29094 1
28789 1
29822 0
36469 0
21495 1
30140 1
23800 1
14879 1
21548 1
38265 1
14377 1
22541 1
9557 1
18752 1
41376 0
19457 1
5767 1
11062 1
502 1
15633 1
26722 1
3508 0
40309 0
15203 0
1306 0
12973 1
31793 1
19475 0
1230 0
14462 1
37305 0
3334 0
27500 1
2851 1
33151 1
22578 1
22985 1
40246 0
6968 0
4746 1
11365 0
9179 0
38329 1
30960 1
36532 1
40322 1
14672 1
23212 1
10649 1
25899 0
21842 0
7107 1
6675 0
1530 1
19624 1
2360 1
16250 0
7753 1
11622 1
40570 1
22870 1
770 0
7688 1
25124 1
7622 1
28325 1
1850 0
3921 1
12257 1
21571 1
13994 1
14726 0
25775 0
1482 0
36452 1
19449 1
21002 0
22530 1
29805 0
22023 0
625 1
28526 0
23122 1
9737 1
38492 0
9152 1
32055 1
7132 0
2090 0
31275 1
40466 1
7543 0
6214 0
36263 0
23451 0
24726 1
37351 0
21019 0
10516 1
34523 0
42193 1
16170 1
9787 1
12034 0
13456 1
11268 0
11314 1
13362 1
30300 0
38740 1
15539 0
13998 1
5234 1
1298 0
24301 0